{
 "scene_dir": "data/8kpano/scenes/scene_027hf_pano",
 "point_cloud": "/w/p3_pano/gps_init_scene_027hf.ply",
 "cameras_extent": 1218.4334550022927,
 "cameras": [
  {
   "idx": 1,
   "image": "data/8kpano/scenes/scene_027hf_pano/panoramas/pano_0001.jpg",
   "R_wp": [
    [
     -0.47587258260658155,
     0.0018869179799427922,
     -0.8795122083654552
    ],
    [
     0.04334231612093533,
     0.998833024068365,
     -0.021308065696295515
    ],
    [
     0.8784456322144332,
     -0.04826002042044455,
     -0.47539903415173584
    ]
   ],
   "T": [
    0.0,
    0.0,
    0.0
   ],
   "C": [
    0.0,
    0.0,
    0.0
   ],
   "n_crops": 1,
   "ref_yaw": 0.0,
   "ref_pitch": 0.0
  },
  {
   "idx": 2,
   "image": "data/8kpano/scenes/scene_027hf_pano/panoramas/pano_0002.jpg",
   "R_wp": [
    [
     -0.3645554444815909,
     -0.031616840882755126,
     -0.9306447782432483
    ],
    [
     0.01977784675701189,
     0.9989350601710133,
     -0.04168431766012038
    ],
    [
     0.9309716239910246,
     -0.03360239476180548,
     -0.36354190183496876
    ]
   ],
   "T": [
    0.05308704794011266,
    -0.022925358248413547,
    -0.060273408291866185
   ],
   "C": [
    0.07591941938126279,
    0.02255405800991602,
    0.02653764656161528
   ],
   "n_crops": 1,
   "ref_yaw": 0.0,
   "ref_pitch": 0.0
  },
  {
   "idx": 3,
   "image": "data/8kpano/scenes/scene_027hf_pano/panoramas/pano_0003.jpg",
   "R_wp": [
    [
     -0.31287730134723024,
     0.006038303950314734,
     -0.9497743590911891
    ],
    [
     0.041953686868567784,
     0.9990916411149445,
     -0.00746865532621954
    ],
    [
     0.9488665251023504,
     -0.0421833087802664,
     -0.3128464255837682
    ]
   ],
   "T": [
    0.1681618981153661,
    -0.14687148321822507,
    -0.1677127893273396
   ],
   "C": [
    0.21791289271287828,
    0.138647978169205,
    0.10615057985493029
   ],
   "n_crops": 1,
   "ref_yaw": 0.0,
   "ref_pitch": 0.0
  },
  {
   "idx": 4,
   "image": "data/8kpano/scenes/scene_027hf_pano/panoramas/pano_0004.jpg",
   "R_wp": [
    [
     -0.28718616135762015,
     -0.038103298134102556,
     -0.9571166320757253
    ],
    [
     0.011124861032665431,
     0.9990084305257333,
     -0.04310908495334515
    ],
    [
     0.9578101827563117,
     -0.023028122151285857,
     -0.2864775024299582
    ]
   ],
   "T": [
    0.7469757469122313,
    -1.0576952395239756,
    -0.3003081047364921
   ],
   "C": [
    0.5139259706184418,
    1.0781931690760342,
    0.5833151213871115
   ],
   "n_crops": 1,
   "ref_yaw": 0.0,
   "ref_pitch": 0.0
  },
  {
   "idx": 5,
   "image": "data/8kpano/scenes/scene_027hf_pano/panoramas/pano_0005.jpg",
   "R_wp": [
    [
     0.010144912588157536,
     -0.018380945778400232,
     -0.99977958649938
    ],
    [
     0.0039323859903048815,
     0.9998240407649328,
     -0.018341860562801106
    ],
    [
     0.9999408067925832,
     -0.003745442667228899,
     0.010215408470765963
    ]
   ],
   "T": [
    10.397867022252257,
    -11.589011531270826,
    -3.3924831055430555
   ],
   "C": [
    3.3323693081299455,
    11.765388616642278,
    10.21766675906892
   ],
   "n_crops": 1,
   "ref_yaw": 0.0,
   "ref_pitch": 0.0
  },
  {
   "idx": 6,
   "image": "data/8kpano/scenes/scene_027hf_pano/panoramas/pano_0006.jpg",
   "R_wp": [
    [
     -0.19844922665908207,
     -0.005855110161922185,
     -0.9800936802792908
    ],
    [
     -0.07135736305264015,
     0.997414682726241,
     0.008489842182612355
    ],
    [
     0.977510118196526,
     0.07162170318488478,
     -0.19835397766697385
    ]
   ],
   "T": [
    31.215808142680086,
    -25.398828177632513,
    -2.1005943781560124
   ],
   "C": [
    6.435711840944428,
    25.666384290944592,
    30.393387077930818
   ],
   "n_crops": 1,
   "ref_yaw": 0.0,
   "ref_pitch": 0.0
  },
  {
   "idx": 7,
   "image": "data/8kpano/scenes/scene_027hf_pano/panoramas/pano_0007.jpg",
   "R_wp": [
    [
     -0.12849962270031334,
     -0.06835150704010241,
     -0.9893512614088205
    ],
    [
     0.07137324736317534,
     0.9943975528601428,
     -0.07797029194888638
    ],
    [
     0.9891378602230896,
     -0.08063236540686648,
     -0.12290124133702432
    ]
   ],
   "T": [
    54.251253820899834,
    -23.880377095089916,
    1.1236182217741117
   ],
   "C": [
    7.564272384945007,
    27.545343497244332,
    51.9496805010086
   ],
   "n_crops": 1,
   "ref_yaw": 0.0,
   "ref_pitch": 0.0
  },
  {
   "idx": 8,
   "image": "data/8kpano/scenes/scene_027hf_pano/panoramas/pano_0008.jpg",
   "R_wp": [
    [
     -0.11531155035636832,
     0.02416649806308741,
     -0.993035360259532
    ],
    [
     0.032041731029261486,
     0.9992742691489701,
     0.020597633102863583
    ],
    [
     0.9928124565229123,
     -0.02944342690921909,
     -0.11600220163765149
    ]
   ],
   "T": [
    80.95749532188218,
    -36.76640008830155,
    -15.648955035724345
   ],
   "C": [
    26.049870892112345,
    34.32249955978749,
    79.33564311473386
   ],
   "n_crops": 1,
   "ref_yaw": 0.0,
   "ref_pitch": 0.0
  },
  {
   "idx": 9,
   "image": "data/8kpano/scenes/scene_027hf_pano/panoramas/pano_0009.jpg",
   "R_wp": [
    [
     -0.6876639366024274,
     -0.021107661809550878,
     -0.7257222450148451
    ],
    [
     -0.05791591503898274,
     0.9979866783883504,
     0.025852205797269535
    ],
    [
     0.7237154531179019,
     0.059808497492585835,
     -0.6875019174853473
    ]
   ],
   "T": [
    101.38223555798692,
    -43.185949868961316,
    40.095946314989504
   ],
   "C": [
    38.19769744632762,
    42.84086629978184,
    102.25783563227384
   ],
   "n_crops": 1,
   "ref_yaw": 0.0,
   "ref_pitch": 0.0
  },
  {
   "idx": 10,
   "image": "data/8kpano/scenes/scene_027hf_pano/panoramas/pano_0010.jpg",
   "R_wp": [
    [
     -0.2870610793570467,
     0.048814326693158404,
     -0.9566677052288647
    ],
    [
     0.08177969292391271,
     0.9963034253417721,
     0.02629765155906637
    ],
    [
     0.9544150137878376,
     -0.0706869589227397,
     -0.2899919572929861
    ]
   ],
   "T": [
    120.49488887915558,
    -49.209273122585216,
    -1.3111798102055192
   ],
   "C": [
    39.86512180026739,
    43.05280718662318,
    116.1874255543568
   ],
   "n_crops": 1,
   "ref_yaw": 0.0,
   "ref_pitch": 0.0
  },
  {
   "idx": 11,
   "image": "data/8kpano/scenes/scene_027hf_pano/panoramas/pano_0011.jpg",
   "R_wp": [
    [
     -0.26572331557061946,
     0.009304130557394506,
     -0.9640044360461877
    ],
    [
     -0.07240575746964281,
     0.9969365140556049,
     0.02958028444599057
    ],
    [
     0.961326440834436,
     0.0776596426545306,
     -0.26423560330766627
    ]
   ],
   "T": [
    157.64046964725873,
    -45.43455120016012,
    -2.4907458636624464
   ],
   "C": [
    40.99344502397604,
    44.022086014156706,
    152.65193525256748
   ],
   "n_crops": 1,
   "ref_yaw": 0.0,
   "ref_pitch": 0.0
  },
  {
   "idx": 12,
   "image": "data/8kpano/scenes/scene_027hf_pano/panoramas/pano_0012.jpg",
   "R_wp": [
    [
     -0.7659776891365393,
     0.05677503485794396,
     -0.6403551945302909
    ],
    [
     0.07114000602220219,
     0.9974607458495983,
     0.003340663455638891
    ],
    [
     0.6389188362289911,
     -0.04299599872130024,
     -0.7680716534319892
    ]
   ],
   "T": [
    137.53793090884642,
    -46.558198369632024,
    106.67028644549583
   ],
   "C": [
    40.509481722608356,
    43.217649949158734,
    170.15908705653771
   ],
   "n_crops": 1,
   "ref_yaw": 0.0,
   "ref_pitch": 0.0
  },
  {
   "idx": 13,
   "image": "data/8kpano/scenes/scene_027hf_pano/panoramas/pano_0013.jpg",
   "R_wp": [
    [
     -0.33447063139211297,
     0.040183041194737104,
     -0.9415491064923295
    ],
    [
     0.08832963119584264,
     0.9960291113272284,
     0.011130392692905104
    ],
    [
     0.9382575728385933,
     -0.07944389585760445,
     -0.336691838959602
    ]
   ],
   "T": [
    169.49561924205582,
    -44.5211850069281,
    36.19746178057482
   ],
   "C": [
    26.66130400499157,
    40.40921427136029,
    172.27137709657384
   ],
   "n_crops": 1,
   "ref_yaw": 0.0,
   "ref_pitch": 0.0
  },
  {
   "idx": 14,
   "image": "data/8kpano/scenes/scene_027hf_pano/panoramas/pano_0014.jpg",
   "R_wp": [
    [
     -0.3688274933125919,
     -0.003858653826171768,
     -0.9294898552256501
    ],
    [
     -0.06757151882541386,
     0.9974568012142314,
     0.022671999362639226
    ],
    [
     0.9270384943573686,
     0.07116909794371784,
     -0.3681502267790974
    ]
   ],
   "T": [
    158.67105581064385,
    -42.49154415708167,
    68.75881818622958
   ],
   "C": [
    -8.091041685183296,
    38.10223332419236,
    173.7600794643064
   ],
   "n_crops": 1,
   "ref_yaw": 0.0,
   "ref_pitch": 0.0
  },
  {
   "idx": 15,
   "image": "data/8kpano/scenes/scene_027hf_pano/panoramas/pano_0015.jpg",
   "R_wp": [
    [
     -0.4107461668705306,
     0.008645715132349931,
     -0.9117087462622135
    ],
    [
     0.040511674495932536,
     0.999140518139478,
     -0.008776630418972566
    ],
    [
     0.9108492688862972,
     -0.04053981526630135,
     -0.41074339038805296
    ]
   ],
   "T": [
    151.85992824639717,
    -35.36584807321548,
    89.76940971686803
   ],
   "C": [
    -17.957788055107535,
    37.66174937516387,
    175.01382351124076
   ],
   "n_crops": 1,
   "ref_yaw": 0.0,
   "ref_pitch": 0.0
  },
  {
   "idx": 16,
   "image": "data/8kpano/scenes/scene_027hf_pano/panoramas/pano_0016.jpg",
   "R_wp": [
    [
     -0.1715917957240432,
     0.045275897820313195,
     -0.9841272014921462
    ],
    [
     0.09151081812736982,
     0.9953569899259722,
     0.02983676877892423
    ],
    [
     0.9809087754760165,
     -0.08493854061656668,
     -0.17493832773886409
    ]
   ],
   "T": [
    163.9915009351384,
    -39.80244469136432,
    57.967724527519195
   ],
   "C": [
    -25.079099277302227,
    37.11647302418294,
    172.71685001455785
   ],
   "n_crops": 1,
   "ref_yaw": 0.0,
   "ref_pitch": 0.0
  },
  {
   "idx": 17,
   "image": "data/8kpano/scenes/scene_027hf_pano/panoramas/pano_0017.jpg",
   "R_wp": [
    [
     -0.30098157159334044,
     0.0038771805958361435,
     -0.9536220745304876
    ],
    [
     0.03434540997255068,
     0.999387045861368,
     -0.00677682656601027
    ],
    [
     0.9530112729527499,
     -0.03479224101887714,
     -0.3009302470504821
    ]
   ],
   "T": [
    138.259361351353,
    -32.64444383006651,
    103.85852925784404
   ],
   "C": [
    -56.243642501326995,
    35.70184875189834,
    162.8801261288199
   ],
   "n_crops": 1,
   "ref_yaw": 0.0,
   "ref_pitch": 0.0
  },
  {
   "idx": 18,
   "image": "data/8kpano/scenes/scene_027hf_pano/panoramas/pano_0018.jpg",
   "R_wp": [
    [
     -0.4786238276021895,
     0.08940376265433275,
     -0.8734564665022971
    ],
    [
     -0.027940014302116026,
     0.9927477536792363,
     0.11692413423082801
    ],
    [
     0.8775754026020942,
     0.08036706283098172,
     -0.4726547873022067
    ]
   ],
   "T": [
    89.68559810245927,
    -56.14120882774172,
    148.36195145097483
   ],
   "C": [
    -88.84172120841602,
    35.79241475232588,
    155.02471445837563
   ],
   "n_crops": 1,
   "ref_yaw": 0.0,
   "ref_pitch": 0.0
  },
  {
   "idx": 19,
   "image": "data/8kpano/scenes/scene_027hf_pano/panoramas/pano_0019.jpg",
   "R_wp": [
    [
     -0.5935393780516692,
     -0.013828587796791756,
     -0.8046861356215756
    ],
    [
     0.043905762720625505,
     0.9978070065045664,
     -0.04953243150013832
    ],
    [
     0.8036064277380799,
     -0.06472980712115695,
     -0.5916305953617512
    ]
   ],
   "T": [
    68.30720612780686,
    -23.312379446713713,
    165.86616699440188
   ],
   "C": [
    -91.72455349899286,
    34.94233274478918,
    151.94264202531124
   ],
   "n_crops": 1,
   "ref_yaw": 0.0,
   "ref_pitch": 0.0
  },
  {
   "idx": 20,
   "image": "data/8kpano/scenes/scene_027hf_pano/panoramas/pano_0020.jpg",
   "R_wp": [
    [
     -0.47624093648439075,
     -0.011259402336090235,
     -0.8792427402461196
    ],
    [
     0.0341985227960392,
     0.998924318095736,
     -0.0313156152029255
    ],
    [
     0.8786495498519529,
     -0.04498258080638521,
     -0.47534359779948426
    ]
   ],
   "T": [
    77.94873851835885,
    -24.72701820966588,
    147.7123021390094
   ],
   "C": [
    -91.81934005635482,
    32.22255657926539,
    137.97561780424155
   ],
   "n_crops": 1,
   "ref_yaw": 0.0,
   "ref_pitch": 0.0
  },
  {
   "idx": 21,
   "image": "data/8kpano/scenes/scene_027hf_pano/panoramas/pano_0021.jpg",
   "R_wp": [
    [
     -0.328353666722366,
     -0.021586959070777234,
     -0.9443081450183803
    ],
    [
     0.06080799189108646,
     0.9971818729045118,
     -0.0439397368315245
    ],
    [
     0.9425954899489769,
     -0.07184925572841153,
     -0.32611566472514397
    ]
   ],
   "T": [
    97.17332950770319,
    -19.708959364135247,
    130.91830519230817
   ],
   "C": [
    -90.29732273336217,
    31.157476487873584,
    133.59007016747447
   ],
   "n_crops": 1,
   "ref_yaw": 0.0,
   "ref_pitch": 0.0
  },
  {
   "idx": 22,
   "image": "data/8kpano/scenes/scene_027hf_pano/panoramas/pano_0022.jpg",
   "R_wp": [
    [
     -0.5266342568829682,
     -0.0379436189836624,
     -0.8492447475585279
    ],
    [
     0.03133392009984181,
     0.9974580865225735,
     -0.06399649273126724
    ],
    [
     0.8495142994255608,
     -0.06031291245785641,
     -0.5241066758421901
    ]
   ],
   "T": [
    57.3915537404829,
    -18.991861722835573,
    128.428572257543
   ],
   "C": [
    -78.28246085434287,
    28.867130537226824,
    114.83433511668862
   ],
   "n_crops": 1,
   "ref_yaw": 0.0,
   "ref_pitch": 0.0
  },
  {
   "idx": 23,
   "image": "data/8kpano/scenes/scene_027hf_pano/panoramas/pano_0023.jpg",
   "R_wp": [
    [
     -0.517126152337378,
     5.145212455034709e-05,
     -0.8559091890623787
    ],
    [
     0.03916530917820308,
     0.9989539418308815,
     -0.023602979844068995
    ],
    [
     0.8550126438396771,
     -0.04572766616855331,
     -0.5165872234396267
    ]
   ],
   "T": [
    38.049829103079524,
    -24.57302730396123,
    107.50326543331624
   ],
   "C": [
    -71.27767926656395,
    29.461238177227866,
    87.5220151043057
   ],
   "n_crops": 1,
   "ref_yaw": 0.0,
   "ref_pitch": 0.0
  },
  {
   "idx": 24,
   "image": "data/8kpano/scenes/scene_027hf_pano/panoramas/pano_0024.jpg",
   "R_wp": [
    [
     0.025597190778230652,
     -0.034545238448272106,
     -0.999075277606655
    ],
    [
     0.05592917998711162,
     0.9978868789038492,
     -0.0330711919577134
    ],
    [
     0.9981065627728495,
     -0.05503093141213135,
     0.027475187673266156
    ]
   ],
   "T": [
    61.69867961178187,
    -27.944172844972613,
    62.36690595031891
   ],
   "C": [
    -62.26523632900066,
    33.4486279466908,
    59.00393591126348
   ],
   "n_crops": 1,
   "ref_yaw": 0.0,
   "ref_pitch": 0.0
  },
  {
   "idx": 25,
   "image": "data/8kpano/scenes/scene_027hf_pano/panoramas/pano_0025.jpg",
   "R_wp": [
    [
     -0.789819847270116,
     -0.011629978470930636,
     -0.6132286298428808
    ],
    [
     0.036298192075306816,
     0.9971814551750412,
     -0.06566267362095288
    ],
    [
     0.6122638729422756,
     -0.0741207734427624,
     -0.7871715574345735
    ]
   ],
   "T": [
    -18.24881573471598,
    -31.293787346769864,
    69.14427386884176
   ],
   "C": [
    -55.611909863295445,
    36.118378128572274,
    41.1828757348493
   ],
   "n_crops": 1,
   "ref_yaw": 0.0,
   "ref_pitch": 0.0
  },
  {
   "idx": 26,
   "image": "data/8kpano/scenes/scene_027hf_pano/panoramas/pano_0026.jpg",
   "R_wp": [
    [
     -0.7308076810216313,
     -0.035576023739514434,
     -0.6816556901359161
    ],
    [
     0.005205780492032348,
     0.9983213105197825,
     -0.05768414696892598
    ],
    [
     0.6825635744817145,
     -0.04570456757206427,
     -0.7293956808850709
    ]
   ],
   "T": [
    -11.259101223920297,
    -33.625497247583205,
    69.60206935994626
   ],
   "C": [
    -55.561027951883744,
    36.349628908875985,
    41.152960231573566
   ],
   "n_crops": 1,
   "ref_yaw": 0.0,
   "ref_pitch": 0.0
  },
  {
   "idx": 27,
   "image": "data/8kpano/scenes/scene_027hf_pano/panoramas/pano_0027.jpg",
   "R_wp": [
    [
     -0.4898356488364681,
     -0.00701474873967651,
     -0.871786573898151
    ],
    [
     0.03771536006864024,
     0.9988609720702396,
     -0.029228583437948222
    ],
    [
     0.8709986158105244,
     -0.047196946670473236,
     -0.48901314857694334
    ]
   ],
   "T": [
    -1.2336791344017863,
    -30.02462886374703,
    60.664687695213615
   ],
   "C": [
    -52.310769341840995,
    32.844964053669216,
    27.712747661466096
   ],
   "n_crops": 1,
   "ref_yaw": 0.0,
   "ref_pitch": 0.0
  },
  {
   "idx": 28,
   "image": "data/8kpano/scenes/scene_027hf_pano/panoramas/pano_0028.jpg",
   "R_wp": [
    [
     -0.5545727459484054,
     0.026441082295213886,
     -0.8317150585496839
    ],
    [
     -0.05678506699902729,
     0.9959626490089873,
     0.06952595159303157
    ],
    [
     0.8301954743415322,
     0.085786193213467,
     -0.5508322824933017
    ]
   ],
   "T": [
    -22.956257588965585,
    -24.352311906825843,
    37.73375091102441
   ],
   "C": [
    -45.440151707285004,
    21.62394652599336,
    3.385020675477521
   ],
   "n_crops": 1,
   "ref_yaw": 0.0,
   "ref_pitch": 0.0
  },
  {
   "idx": 29,
   "image": "data/8kpano/scenes/scene_027hf_pano/panoramas/pano_0029.jpg",
   "R_wp": [
    [
     -0.605646384426182,
     -0.07085866932619196,
     -0.7925727133915319
    ],
    [
     0.018004417606000814,
     0.9945520618796535,
     -0.10267442309357644
    ],
    [
     0.7955301992873445,
     -0.07645420323469104,
     -0.6010710913274625
    ]
   ],
   "T": [
    -26.465428497579207,
    -18.764947618112306,
    34.58853187600749
   ],
   "C": [
    -43.20706078495417,
    19.43185094380921,
    -2.1122900443402437
   ],
   "n_crops": 1,
   "ref_yaw": 0.0,
   "ref_pitch": 0.0
  },
  {
   "idx": 30,
   "image": "data/8kpano/scenes/scene_027hf_pano/panoramas/pano_0030.jpg",
   "R_wp": [
    [
     -0.8283835528326489,
     -0.025573591534334257,
     -0.5595772340011641
    ],
    [
     0.03829960871872945,
     0.9940338401083204,
     -0.10212670900160081
    ],
    [
     0.558850453492122,
     -0.10603167515200561,
     -0.8224618255555145
    ]
   ],
   "T": [
    -36.61987652241562,
    -17.97565704107763,
    24.437835904158458
   ],
   "C": [
    -43.30393846420122,
    19.523094310798303,
    -2.228256779263942
   ],
   "n_crops": 1,
   "ref_yaw": 0.0,
   "ref_pitch": 0.0
  },
  {
   "idx": 31,
   "image": "data/8kpano/scenes/scene_027hf_pano/panoramas/pano_0031.jpg",
   "R_wp": [
    [
     -0.9527614794967569,
     -0.003907111013002427,
     -0.30369441494812427
    ],
    [
     0.023780663282600423,
     0.9958878357770078,
     -0.08741795356348282
    ],
    [
     0.30278712528935375,
     -0.09051051339441044,
     -0.9487506541363171
    ]
   ],
   "T": [
    -41.873728111016895,
    -18.593330450389583,
    12.873850679434662
   ],
   "C": [
    -43.35154965498495,
    19.5184851522258,
    -2.1281340049078277
   ],
   "n_crops": 1,
   "ref_yaw": 0.0,
   "ref_pitch": 0.0
  },
  {
   "idx": 32,
   "image": "data/8kpano/scenes/scene_027hf_pano/panoramas/pano_0032.jpg",
   "R_wp": [
    [
     -0.9829606717522027,
     -0.04134702566587805,
     -0.17910539147955315
    ],
    [
     -0.0264597557427125,
     0.9960528836452701,
     -0.08472623152234529
    ],
    [
     0.18190161932895113,
     -0.07854346854148513,
     -0.9801748438084803
    ]
   ],
   "T": [
    -42.14884878621292,
    -20.797643606795337,
    7.463782116884509
   ],
   "C": [
    -43.338635339717406,
    19.559054690922373,
    -1.9953805589779028
   ],
   "n_crops": 1,
   "ref_yaw": 0.0,
   "ref_pitch": 0.0
  },
  {
   "idx": 33,
   "image": "data/8kpano/scenes/scene_027hf_pano/panoramas/pano_0033.jpg",
   "R_wp": [
    [
     -0.9138400053618644,
     -0.04661283059143418,
     -0.40339024359109427
    ],
    [
     -0.005017100970435555,
     0.9946101229203819,
     -0.10356414477103094
    ],
    [
     0.4060434376985797,
     -0.09261720903027075,
     -0.9091483813401215
    ]
   ],
   "T": [
    -39.52291358477649,
    -20.086072064256502,
    17.639694479565993
   ],
   "C": [
    -43.3808756003101,
    19.769275000254808,
    -1.986254930105069
   ],
   "n_crops": 1,
   "ref_yaw": 0.0,
   "ref_pitch": 0.0
  },
  {
   "idx": 34,
   "image": "data/8kpano/scenes/scene_027hf_pano/panoramas/pano_0034.jpg",
   "R_wp": [
    [
     -0.9370912732722715,
     0.06469389314523943,
     -0.34303738243326465
    ],
    [
     0.09030679966347642,
     0.9941525269466247,
     -0.05920671499231634
    ],
    [
     0.33720116768999203,
     -0.08646070411090236,
     -0.9374539557509762
    ]
   ],
   "T": [
    -42.792933957519466,
    -15.927642287149428,
    14.527595242226694
   ],
   "C": [
    -43.56123264757742,
    19.859013438571683,
    -2.0036478014473804
   ],
   "n_crops": 1,
   "ref_yaw": 0.0,
   "ref_pitch": 0.0
  },
  {
   "idx": 35,
   "image": "data/8kpano/scenes/scene_027hf_pano/panoramas/pano_0035.jpg",
   "R_wp": [
    [
     -0.7853405670695587,
     0.05665569471227658,
     -0.6164659974171598
    ],
    [
     0.060077771746601456,
     0.9980780867285275,
     0.015191910159183832
    ],
    [
     0.6161419114593871,
     -0.02510508014308582,
     -0.7872349585061517
    ]
   ],
   "T": [
    -38.07890857567934,
    -14.783659931256459,
    28.425466871347982
   ],
   "C": [
    -46.53086379952233,
    17.626257662183853,
    -0.8722390891798114
   ],
   "n_crops": 1,
   "ref_yaw": 0.0,
   "ref_pitch": 0.0
  },
  {
   "idx": 36,
   "image": "data/8kpano/scenes/scene_027hf_pano/panoramas/pano_0036.jpg",
   "R_wp": [
    [
     -0.9888163199228495,
     0.041167398673755996,
     -0.14334409907864956
    ],
    [
     0.04358400399502203,
     0.9989550236350512,
     -0.013758464669290383
    ],
    [
     0.1426279076828778,
     -0.019852104188983033,
     -0.9895772703075161
    ]
   ],
   "T": [
    -54.38472389673199,
    -10.55567381883502,
    9.413167572432192
   ],
   "C": [
    -54.659024409220805,
    12.970392182993423,
    1.3740975553595398
   ],
   "n_crops": 1,
   "ref_yaw": 0.0,
   "ref_pitch": 0.0
  },
  {
   "idx": 37,
   "image": "data/8kpano/scenes/scene_027hf_pano/panoramas/pano_0037.jpg",
   "R_wp": [
    [
     -0.9582910809101661,
     0.0260175136767231,
     -0.28460726137979586
    ],
    [
     0.05020215923579099,
     0.9956875865423408,
     -0.0780126477793989
    ],
    [
     0.281350222065116,
     -0.08904672362063511,
     -0.9554646689210128
    ]
   ],
   "T": [
    -52.13043494540229,
    -9.982800564109807,
    17.712763204312584
   ],
   "C": [
    -54.43846256952823,
    12.873318434389738,
    1.3084344020763896
   ],
   "n_crops": 1,
   "ref_yaw": 0.0,
   "ref_pitch": 0.0
  },
  {
   "idx": 38,
   "image": "data/8kpano/scenes/scene_027hf_pano/panoramas/pano_0038.jpg",
   "R_wp": [
    [
     -0.7390921787779142,
     -0.12424474698210733,
     -0.6620468216951642
    ],
    [
     -0.04725551649516361,
     0.9899843916772348,
     -0.13303315525172954
    ],
    [
     0.6719446907522161,
     -0.06703840006151461,
     -0.7375609706913065
    ]
   ],
   "T": [
    -37.83166412916786,
    -15.197307004507353,
    38.23121302597056
   ],
   "C": [
    -54.36850427367237,
    12.907670546020894,
    1.129771891847592
   ],
   "n_crops": 1,
   "ref_yaw": 0.0,
   "ref_pitch": 0.0
  },
  {
   "idx": 39,
   "image": "data/8kpano/scenes/scene_027hf_pano/panoramas/pano_0039.jpg",
   "R_wp": [
    [
     -0.6851583888767503,
     -0.08226968818158792,
     -0.7237331556301124
    ],
    [
     -0.06480129967476066,
     0.9965458596758194,
     -0.0519340073886475
    ],
    [
     0.725505874347188,
     0.011315828272228249,
     -0.6881229383752848
    ]
   ],
   "T": [
    -35.53187273433946,
    -16.21621904972262,
    40.101836333235084
   ],
   "C": [
    -54.489910578537945,
    12.783224369887375,
    1.0372258324552148
   ],
   "n_crops": 1,
   "ref_yaw": 0.0,
   "ref_pitch": 0.0
  },
  {
   "idx": 40,
   "image": "data/8kpano/scenes/scene_027hf_pano/panoramas/pano_0040.jpg",
   "R_wp": [
    [
     -0.8508035352657783,
     -0.12632901608368768,
     -0.5100728615350767
    ],
    [
     -0.12732974291199223,
     0.9913070163342037,
     -0.033129079923003076
    ],
    [
     0.509823970551817,
     0.036761108007051777,
     -0.8594929551711721
    ]
   ],
   "T": [
    -44.29877004774259,
    -19.43188666186282,
    27.98537004546977
   ],
   "C": [
    -54.431419771438385,
    12.637972343807954,
    0.8138674749276091
   ],
   "n_crops": 1,
   "ref_yaw": 0.0,
   "ref_pitch": 0.0
  },
  {
   "idx": 41,
   "image": "data/8kpano/scenes/scene_027hf_pano/panoramas/pano_0041.jpg",
   "R_wp": [
    [
     -0.9024390535166604,
     -0.09205571851923548,
     -0.4208675556227425
    ],
    [
     -0.08828938269771212,
     0.9956878655155169,
     -0.028472080500219116
    ],
    [
     0.42167373595092655,
     0.011463819305159075,
     -0.9066751575157045
    ]
   ],
   "T": [
    -47.59725731273002,
    -17.287111013459214,
    23.442891760692643
   ],
   "C": [
    -54.36514394951858,
    12.562221869317717,
    0.7307462238027949
   ],
   "n_crops": 1,
   "ref_yaw": 0.0,
   "ref_pitch": 0.0
  },
  {
   "idx": 42,
   "image": "data/8kpano/scenes/scene_027hf_pano/panoramas/pano_0042.jpg",
   "R_wp": [
    [
     -0.9200963252203846,
     0.02324144206307692,
     -0.39100203028472025
    ],
    [
     0.06123132532274801,
     0.9944999252435679,
     -0.0849742519223181
    ],
    [
     0.38687656573533136,
     -0.10212606945029501,
     -0.9164588309484881
    ]
   ],
   "T": [
    -49.974602670466496,
    -9.093475905949028,
    23.002659483752737
   ],
   "C": [
    -54.323832593786804,
    12.55411414124064,
    0.7681079998799589
   ],
   "n_crops": 1,
   "ref_yaw": 0.0,
   "ref_pitch": 0.0
  },
  {
   "idx": 43,
   "image": "data/8kpano/scenes/scene_027hf_pano/panoramas/pano_0043.jpg",
   "R_wp": [
    [
     -0.9496085125929458,
     0.016515703662874064,
     -0.3130030420675393
    ],
    [
     0.021524816439616047,
     0.999689486119641,
     -0.012554426274775569
    ],
    [
     0.3126985050943711,
     -0.01865912308679275,
     -0.9496691434585931
    ]
   ],
   "T": [
    -51.541261133575894,
    -11.411159972907216,
    18.05564637320143
   ],
   "C": [
    -54.34437082785235,
    12.595759372726732,
    0.8710581324332446
   ],
   "n_crops": 1,
   "ref_yaw": 0.0,
   "ref_pitch": 0.0
  },
  {
   "idx": 44,
   "image": "data/8kpano/scenes/scene_027hf_pano/panoramas/pano_0044.jpg",
   "R_wp": [
    [
     -0.7078221231984954,
     0.03311652841054376,
     -0.7056140144985846
    ],
    [
     0.08612783668367825,
     0.9954937551117529,
     -0.039675928239819566
    ],
    [
     0.7011204159479058,
     -0.08885650836902853,
     -0.7074847583245178
    ]
   ],
   "T": [
    -38.09106623145889,
    -7.8060648562298365,
    39.765553530499744
   ],
   "C": [
    -54.16982132746884,
    12.56576093349806,
    0.9462199999839527
   ],
   "n_crops": 1,
   "ref_yaw": 0.0,
   "ref_pitch": 0.0
  },
  {
   "idx": 45,
   "image": "data/8kpano/scenes/scene_027hf_pano/panoramas/pano_0045.jpg",
   "R_wp": [
    [
     -0.3751533754600938,
     0.04889955500042,
     -0.925672068500319
    ],
    [
     0.1257031645685988,
     0.992066820300144,
     0.001462353240955471
    ],
    [
     0.9184000540605046,
     -0.11581130160879152,
     -0.3783240451271107
    ]
   ],
   "T": [
    -19.981401719820607,
    -5.564044512119134,
    51.69990647139047
   ],
   "C": [
    -54.277869196888936,
    12.484419061034862,
    1.0712288859526633
   ],
   "n_crops": 1,
   "ref_yaw": 0.0,
   "ref_pitch": 0.0
  },
  {
   "idx": 46,
   "image": "data/8kpano/scenes/scene_027hf_pano/panoramas/pano_0046.jpg",
   "R_wp": [
    [
     -0.505786939281015,
     -0.11455886994462973,
     -0.8550180333593866
    ],
    [
     -0.023637146325040374,
     0.9926114636838339,
     -0.11901162748675459
    ],
    [
     0.8623345391240872,
     -0.039984340440313494,
     -0.5047577588836075
    ]
   ],
   "T": [
    -24.976097263610374,
    -13.487222981918498,
    48.05029239683287
   ],
   "C": [
    -54.38681000208897,
    12.447597916417593,
    1.2936079832476102
   ],
   "n_crops": 1,
   "ref_yaw": 0.0,
   "ref_pitch": 0.0
  },
  {
   "idx": 47,
   "image": "data/8kpano/scenes/scene_027hf_pano/panoramas/pano_0047.jpg",
   "R_wp": [
    [
     -0.4703635798351868,
     -0.04422612064289844,
     -0.8813638028745612
    ],
    [
     0.008694531313758788,
     0.9984626711231678,
     -0.05474211814337387
    ],
    [
     0.8824298883706639,
     -0.0334117438405842,
     -0.46925595093048045
    ]
   ],
   "T": [
    -23.789104121374212,
    -11.97425666661837,
    49.09772818337342
   ],
   "C": [
    -54.41072042616206,
    12.544189224425326,
    1.417049678698759
   ],
   "n_crops": 1,
   "ref_yaw": 0.0,
   "ref_pitch": 0.0
  },
  {
   "idx": 48,
   "image": "data/8kpano/scenes/scene_027hf_pano/panoramas/pano_0048.jpg",
   "R_wp": [
    [
     -0.25154138180285196,
     -0.0627337223305917,
     -0.9658112721040588
    ],
    [
     0.01766108671533148,
     0.9974334384714686,
     -0.06938747606748827
    ],
    [
     0.967685392706093,
     -0.034511098237103015,
     -0.2497878396594271
    ]
   ],
   "T": [
    -12.488483587888542,
    -11.85072094039974,
    38.680461679060116
   ],
   "C": [
    -40.362591558106395,
    12.371761487078533,
    -3.221900876462082
   ],
   "n_crops": 1,
   "ref_yaw": 0.0,
   "ref_pitch": 0.0
  },
  {
   "idx": 49,
   "image": "data/8kpano/scenes/scene_027hf_pano/panoramas/pano_0049.jpg",
   "R_wp": [
    [
     -0.2099604859012971,
     -0.03824078197473975,
     -0.9769617377124102
    ],
    [
     0.039700763040534645,
     0.9980772221761338,
     -0.04759945364362213
    ],
    [
     0.9769034976772734,
     -0.0487801308642406,
     -0.20803859031145422
    ]
   ],
   "T": [
    -14.736484960739723,
    -19.060237906982234,
    5.7104094674858645
   ],
   "C": [
    -7.915892536149109,
    18.73860911687176,
    -14.11625332998994
   ],
   "n_crops": 1,
   "ref_yaw": 0.0,
   "ref_pitch": 0.0
  },
  {
   "idx": 50,
   "image": "data/8kpano/scenes/scene_027hf_pano/panoramas/pano_0050.jpg",
   "R_wp": [
    [
     -0.9699570737182901,
     -0.06176546347507695,
     -0.23530470174979792
    ],
    [
     -0.03863436510493096,
     0.9940668779460983,
     -0.10167806058062043
    ],
    [
     0.24018880277146798,
     -0.08953250634382096,
     -0.966588469479645
    ]
   ],
   "T": [
    15.595261883844442,
    -26.21892879664758,
    -27.012857093034416
   ],
   "C": [
    20.601968717546963,
    24.60808847119852,
    -25.106567578085006
   ],
   "n_crops": 1,
   "ref_yaw": 0.0,
   "ref_pitch": 0.0
  },
  {
   "idx": 51,
   "image": "data/8kpano/scenes/scene_027hf_pano/panoramas/pano_0051.jpg",
   "R_wp": [
    [
     -0.7556219203867486,
     -0.03487247615013035,
     -0.6540790654333782
    ],
    [
     -0.003701046558161251,
     0.9987931269253375,
     -0.048975420989318307
    ],
    [
     0.6549975692209986,
     -0.03458612458581086,
     -0.754839045294239
    ]
   ],
   "T": [
    0.4737864025283254,
    -26.29221093216348,
    -32.9676811181777
   ],
   "C": [
    21.85444568981406,
    25.13677734927996,
    -25.86307127257205
   ],
   "n_crops": 1,
   "ref_yaw": 0.0,
   "ref_pitch": 0.0
  },
  {
   "idx": 52,
   "image": "data/8kpano/scenes/scene_027hf_pano/panoramas/pano_0052.jpg",
   "R_wp": [
    [
     -0.5733162001974696,
     -0.00935746936919863,
     -0.8192807652802186
    ],
    [
     0.0294471548196724,
     0.9990534313869981,
     -0.03201728137882722
    ],
    [
     0.818804860552355,
     -0.04248151363674859,
     -0.5724979662278022
    ]
   ],
   "T": [
    -8.127906795841248,
    -26.63675358076823,
    -31.597618741253132
   ],
   "C": [
    21.99679977405369,
    25.193168755553287,
    -25.60144660124592
   ],
   "n_crops": 1,
   "ref_yaw": 0.0,
   "ref_pitch": 0.0
  },
  {
   "idx": 53,
   "image": "data/8kpano/scenes/scene_027hf_pano/panoramas/pano_0053.jpg",
   "R_wp": [
    [
     -0.30041741805517624,
     0.04121871942191076,
     -0.9529167813079378
    ],
    [
     0.0548555347293702,
     0.998158804520692,
     0.025881871404093662
    ],
    [
     0.9522290928335557,
     -0.044497394609583435,
     -0.3021253657578965
    ]
   ],
   "T": [
    2.6775588037943048,
    -27.261255429404724,
    -30.924858362444173
   ],
   "C": [
    31.747365870977145,
    25.724620958279424,
    -6.086121119352184
   ],
   "n_crops": 1,
   "ref_yaw": 0.0,
   "ref_pitch": 0.0
  },
  {
   "idx": 54,
   "image": "data/8kpano/scenes/scene_027hf_pano/panoramas/pano_0054.jpg",
   "R_wp": [
    [
     -0.3430477780729235,
     0.024117299420075042,
     -0.9390082948664047
    ],
    [
     0.033007871559636914,
     0.9993624391295973,
     0.013608661655148806
    ],
    [
     0.938737824088458,
     -0.0263262440470392,
     -0.34362512495456893
    ]
   ],
   "T": [
    41.89583154682801,
    -35.60766009942327,
    -30.657046377634018
   ],
   "C": [
    44.32653400327693,
    33.76745885009042,
    29.290574549169182
   ],
   "n_crops": 1,
   "ref_yaw": 0.0,
   "ref_pitch": 0.0
  },
  {
   "idx": 55,
   "image": "data/8kpano/scenes/scene_027hf_pano/panoramas/pano_0055.jpg",
   "R_wp": [
    [
     -0.3412904148125218,
     0.0220648620214195,
     -0.9396988850802543
    ],
    [
     0.045390297300484404,
     0.9989450089838982,
     0.006970648257723395
    ],
    [
     0.9388613175906602,
     -0.0402741963313361,
     -0.3419318871380594
    ]
   ],
   "T": [
    76.75260300101986,
    -48.28198445424163,
    -30.56950370240987
   ],
   "C": [
    57.08698586893137,
    45.306349605538216,
    62.00820410804219
   ],
   "n_crops": 1,
   "ref_yaw": 0.0,
   "ref_pitch": 0.0
  },
  {
   "idx": 56,
   "image": "data/8kpano/scenes/scene_027hf_pano/panoramas/pano_0056.jpg",
   "R_wp": [
    [
     -0.9439165033432385,
     -0.13761528206773482,
     -0.30013941570159114
    ],
    [
     -0.14402003398085822,
     0.9895744553614155,
     -0.0007919017048953681
    ],
    [
     0.2971192766018844,
     0.042478599760061506,
     -0.9538950173022174
    ]
   ],
   "T": [
    98.81086094229521,
    -43.72450973768903,
    62.79630175301424
   ],
   "C": [
    68.31400522463863,
    54.199043440969874,
    89.5234879015914
   ],
   "n_crops": 1,
   "ref_yaw": 0.0,
   "ref_pitch": 0.0
  },
  {
   "idx": 57,
   "image": "data/8kpano/scenes/scene_027hf_pano/panoramas/pano_0057.jpg",
   "R_wp": [
    [
     -0.7657521906981837,
     0.019486627561864398,
     -0.6428404574909692
    ],
    [
     0.026705344960156533,
     0.999642209787205,
     -0.0015089606729703634
    ],
    [
     0.6425810509122504,
     -0.018322766112645803,
     -0.7659986091700753
    ]
   ],
   "T": [
    111.70121338684355,
    -56.977214574718346,
    26.98988739064146
   ],
   "C": [
    69.71385482122571,
    55.2746781355788,
    92.39429894273444
   ],
   "n_crops": 1,
   "ref_yaw": 0.0,
   "ref_pitch": 0.0
  },
  {
   "idx": 58,
   "image": "data/8kpano/scenes/scene_027hf_pano/panoramas/pano_0058.jpg",
   "R_wp": [
    [
     -0.17888562899403393,
     -0.019110207591476105,
     -0.9836842642358474
    ],
    [
     0.012161799007357503,
     0.999692007821305,
     -0.02163284870543852
    ],
    [
     0.9837947054057133,
     -0.01583317605594193,
     -0.1785981191157065
    ]
   ],
   "T": [
    114.52856346343411,
    -52.35635575509345,
    -58.41778423475074
   ],
   "C": [
    78.59536842007176,
    53.60395596736884,
    101.09402217446493
   ],
   "n_crops": 1,
   "ref_yaw": 0.0,
   "ref_pitch": 0.0
  },
  {
   "idx": 59,
   "image": "data/8kpano/scenes/scene_027hf_pano/panoramas/pano_0059.jpg",
   "R_wp": [
    [
     -0.490957581879889,
     0.011841669931258214,
     -0.8711029948564587
    ],
    [
     0.021342900802167702,
     0.9997709944424605,
     0.0015618120508503282
    ],
    [
     0.8709220018922481,
     -0.017825081339856497,
     -0.49109788545179733
    ]
   ],
   "T": [
    158.59134927570057,
    -46.56735144007649,
    -24.89482830019693
   ],
   "C": [
    100.53696140984337,
    44.23494850632836,
    125.9963312261324
   ],
   "n_crops": 1,
   "ref_yaw": 0.0,
   "ref_pitch": 0.0
  },
  {
   "idx": 60,
   "image": "data/8kpano/scenes/scene_027hf_pano/panoramas/pano_0060.jpg",
   "R_wp": [
    [
     -0.2945524732217083,
     0.08325605478251265,
     -0.9520017173624356
    ],
    [
     -0.03813630907038907,
     0.9943800826625713,
     0.09876169872205233
    ],
    [
     0.9548740558049856,
     0.06539633434703288,
     -0.2897220340335001
    ]
   ],
   "T": [
    176.6831693578514,
    -45.03731198708832,
    -72.5034604497557
   ],
   "C": [
    119.5565810009205,
    34.81572293030474,
    151.64479205946174
   ],
   "n_crops": 1,
   "ref_yaw": 0.0,
   "ref_pitch": 0.0
  },
  {
   "idx": 61,
   "image": "data/8kpano/scenes/scene_027hf_pano/panoramas/pano_0061.jpg",
   "R_wp": [
    [
     -0.59500552588078,
     0.0030703646563461314,
     -0.8037157439245632
    ],
    [
     0.04695360975618009,
     0.9984175857828657,
     -0.030946452629960174
    ],
    [
     0.802348915810448,
     -0.05615066571636598,
     -0.5942081453812362
    ]
   ],
   "T": [
    195.34812483032167,
    -32.211346522713725,
    1.4716322664198414
   ],
   "C": [
    116.5648901854047,
    31.643217983309786,
    156.88199244267042
   ],
   "n_crops": 1,
   "ref_yaw": 0.0,
   "ref_pitch": 0.0
  },
  {
   "idx": 62,
   "image": "data/8kpano/scenes/scene_027hf_pano/panoramas/pano_0062.jpg",
   "R_wp": [
    [
     -0.4981100884608721,
     0.04556003044700861,
     -0.865916060250167
    ],
    [
     0.06475306131157041,
     0.9977847904111492,
     0.015249690979123823
    ],
    [
     0.8646926510756768,
     -0.04847469081744026,
     -0.4999568216615027
    ]
   ],
   "T": [
    189.34882673882558,
    -31.445073576188065,
    3.335248075197283
   ],
   "C": [
    93.4687611139271,
    22.91035295559839,
    166.10719774465608
   ],
   "n_crops": 1,
   "ref_yaw": 0.0,
   "ref_pitch": 0.0
  },
  {
   "idx": 63,
   "image": "data/8kpano/scenes/scene_027hf_pano/panoramas/pano_0063.jpg",
   "R_wp": [
    [
     -0.8584425413543174,
     0.0353199850968115,
     -0.5116921944351925
    ],
    [
     0.07211744322750303,
     0.9960273199449027,
     -0.05223650357462673
    ],
    [
     0.5078144125322455,
     -0.08174396966220286,
     -0.8575794108118475
    ]
   ],
   "T": [
    145.77018880610717,
    -14.34077598974945,
    119.0662358835344
   ],
   "C": [
    65.70600080306953,
    18.868150552665615,
    175.94910821376365
   ],
   "n_crops": 1,
   "ref_yaw": 0.0,
   "ref_pitch": 0.0
  },
  {
   "idx": 64,
   "image": "data/8kpano/scenes/scene_027hf_pano/panoramas/pano_0064.jpg",
   "R_wp": [
    [
     -0.5328010515646617,
     0.032724886079894135,
     -0.8456075456632639
    ],
    [
     -0.023876522361500545,
     0.9982728462003685,
     0.05367714801417854
    ],
    [
     0.8459036299316319,
     0.048789408380028654,
     -0.5310994657297402
    ]
   ],
   "T": [
    180.17029583527463,
    -20.566698208302135,
    50.70691085247983
   ],
   "C": [
    52.61070189934542,
    12.161163769884283,
    180.38773662913826
   ],
   "n_crops": 1,
   "ref_yaw": 0.0,
   "ref_pitch": 0.0
  },
  {
   "idx": 65,
   "image": "data/8kpano/scenes/scene_027hf_pano/panoramas/pano_0065.jpg",
   "R_wp": [
    [
     -0.5665386275348788,
     0.013560910013240272,
     -0.8239235918642637
    ],
    [
     -0.04908931569144437,
     0.9975334286534506,
     0.050172679855046504
    ],
    [
     0.8225717127374622,
     0.06887060649147857,
     -0.5644755237967848
    ]
   ],
   "T": [
    176.45169767728584,
