{
 "scene_dir": "data/8kpano/scenes/scene_023rig_pano",
 "point_cloud": "/w/p3_pano/gps_init_023v2.ply",
 "cameras_extent": 299.2457346345049,
 "cameras": [
  {
   "idx": 1,
   "image": "data/8kpano/scenes/scene_023rig_pano/panoramas/pano_0001.jpg",
   "R_wp": [
    [
     0.0526802749391449,
     -0.6620166034062344,
     -0.7476354763163727
    ],
    [
     0.45252601933487996,
     0.6832184796850213,
     -0.573090490971379
    ],
    [
     0.8901937937647417,
     -0.3081339413816033,
     0.3355718756263328
    ]
   ],
   "T": [
    20.980701498784192,
    -52.014834995896614,
    6.99097471491975
   ],
   "C": [
    16.209474800093837,
    51.581225823276256,
    -16.469265064640386
   ],
   "n_crops": 1,
   "ref_yaw": 0.0,
   "ref_pitch": 0.0
  },
  {
   "idx": 2,
   "image": "data/8kpano/scenes/scene_023rig_pano/panoramas/pano_0002.jpg",
   "R_wp": [
    [
     0.3138446864126996,
     -0.7684169482539625,
     -0.5577068284023264
    ],
    [
     0.42017344351331576,
     0.639140696108411,
     -0.6441688039203843
    ],
    [
     0.8514433569983832,
     -0.03216464229745863,
     0.5234593065455997
    ]
   ],
   "T": [
    25.26729712112469,
    -50.62997986927805,
    -3.5930082659104396
   ],
   "C": [
    16.40260906485826,
    51.659932096401135,
    -16.641715819898195
   ],
   "n_crops": 1,
   "ref_yaw": 0.0,
   "ref_pitch": 0.0
  },
  {
   "idx": 3,
   "image": "data/8kpano/scenes/scene_023rig_pano/panoramas/pano_0003.jpg",
   "R_wp": [
    [
     0.41821820007359556,
     -0.7871548240255146,
     -0.45329992294347865
    ],
    [
     0.4587024413802572,
     0.6137506287664435,
     -0.6425746929039358
    ],
    [
     0.7840188820423865,
     0.06080665014747124,
     0.6177515227814899
    ]
   ],
   "T": [
    26.190545692550092,
    -49.7533489540818,
    -5.663726791162077
   ],
   "C": [
    16.30908850059804,
    51.49655584307647,
    -16.599294730972147
   ],
   "n_crops": 1,
   "ref_yaw": 0.0,
   "ref_pitch": 0.0
  },
  {
   "idx": 4,
   "image": "data/8kpano/scenes/scene_023rig_pano/panoramas/pano_0004.jpg",
   "R_wp": [
    [
     0.4117174335100562,
     -0.7871755964870826,
     -0.45917680172140485
    ],
    [
     0.7231758787499779,
     0.5888159123683524,
     -0.36098818503660474
    ],
    [
     0.5545316973249492,
     -0.1834404580157572,
     0.8116921799702644
    ]
   ],
   "T": [
    26.26673840622758,
    -48.081416070542595,
    15.269823981059073
   ],
   "C": [
    15.489244784996009,
    51.78874184913671,
    -17.690142903218685
   ],
   "n_crops": 1,
   "ref_yaw": 0.0,
   "ref_pitch": 0.0
  },
  {
   "idx": 5,
   "image": "data/8kpano/scenes/scene_023rig_pano/panoramas/pano_0005.jpg",
   "R_wp": [
    [
     0.38567428650830754,
     -0.8016958355893011,
     -0.4566608500025828
    ],
    [
     0.725858809022464,
     0.569183904255057,
     -0.38621065819246897
    ],
    [
     0.5695474818580079,
     -0.18251978066977653,
     0.8014375805847014
    ]
   ],
   "T": [
    27.86139732330376,
    -47.00638867313889,
    22.72167939878728
   ],
   "C": [
    10.433501479777748,
    53.238801978015005,
    -23.641166688969726
   ],
   "n_crops": 1,
   "ref_yaw": 0.0,
   "ref_pitch": 0.0
  },
  {
   "idx": 6,
   "image": "data/8kpano/scenes/scene_023rig_pano/panoramas/pano_0006.jpg",
   "R_wp": [
    [
     0.20273323624982612,
     -0.7755907854367134,
     -0.5977944199014688
    ],
    [
     0.3794883085831286,
     0.6249935400488059,
     -0.6821815730038286
    ],
    [
     0.9027113927321331,
     -0.08855511528377752,
     0.4210345983273684
    ]
   ],
   "T": [
    23.917636103659213,
    -56.297253660677626,
    14.788911484889764
   ],
   "C": [
    3.1651309153082803,
    55.04535179330506,
    -30.333763064774782
   ],
   "n_crops": 1,
   "ref_yaw": 0.0,
   "ref_pitch": 0.0
  },
  {
   "idx": 7,
   "image": "data/8kpano/scenes/scene_023rig_pano/panoramas/pano_0007.jpg",
   "R_wp": [
    [
     0.248056293955568,
     -0.7167469020742565,
     -0.6517222977587817
    ],
    [
     0.6013470551403766,
     0.641367396500944,
     -0.47647621344574786
    ],
    [
     0.7595062832544742,
     -0.2737183608612287,
     0.590108858283298
    ]
   ],
   "T": [
    19.951860868929703,
    -47.533686033893474,
    37.328409160483886
   ],
   "C": [
    -4.716103849496092,
    55.004461895038375,
    -31.673423033711114
   ],
   "n_crops": 1,
   "ref_yaw": 0.0,
   "ref_pitch": 0.0
  },
  {
   "idx": 8,
   "image": "data/8kpano/scenes/scene_023rig_pano/panoramas/pano_0008.jpg",
   "R_wp": [
    [
     0.24908862427999368,
     -0.7032675706018596,
     -0.6658600313835182
    ],
    [
     0.5817514697196744,
     0.6583211452283035,
     -0.4776803295346102
    ],
    [
     0.7742868232982522,
     -0.2683803157555602,
     0.5731072512031649
    ]
   ],
   "T": [
    19.924612389509797,
    -43.01962699906535,
    46.33184609599897
   ],
   "C": [
    -15.810400987131212,
    54.7676193484556,
    -33.83574352963215
   ],
   "n_crops": 1,
   "ref_yaw": 0.0,
   "ref_pitch": 0.0
  },
  {
   "idx": 9,
   "image": "data/8kpano/scenes/scene_023rig_pano/panoramas/pano_0009.jpg",
   "R_wp": [
    [
     0.2649732863723397,
     -0.7005380137458549,
     -0.6625976522793112
    ],
    [
     0.5717277106686954,
     0.6674826849671602,
     -0.4770684333746713
    ],
    [
     0.7764770327334699,
     -0.25241504821631267,
     0.5773820754676944
    ]
   ],
   "T": [
    21.8355998304963,
    -37.606538801429195,
    56.375488975714255
   ],
   "C": [
    -28.059422710644395,
    54.62840299372796,
    -36.02287219714825
   ],
   "n_crops": 1,
   "ref_yaw": 0.0,
   "ref_pitch": 0.0
  },
  {
   "idx": 10,
   "image": "data/8kpano/scenes/scene_023rig_pano/panoramas/pano_0010.jpg",
   "R_wp": [
    [
     0.27873588067837096,
     -0.6951107654867815,
     -0.662666833730823
    ],
    [
     0.5866823959450269,
     0.6695391583327127,
     -0.4555448185934347
    ],
    [
     0.7603355016771578,
     -0.2617982795273943,
     0.5944338362894909
    ]
   ],
   "T": [
    23.821061913183282,
    -29.661009178526584,
    68.16278328201365
   ],
   "C": [
    -41.064776762500976,
    54.262383092900194,
    -38.24475612991155
   ],
   "n_crops": 1,
   "ref_yaw": 0.0,
   "ref_pitch": 0.0
  },
  {
   "idx": 11,
   "image": "data/8kpano/scenes/scene_023rig_pano/panoramas/pano_0011.jpg",
   "R_wp": [
    [
     0.26646836184081973,
     -0.7088978109769127,
     -0.6530379052781025
    ],
    [
     0.5930415472833395,
     0.6546896815205134,
     -0.4687036847586664
    ],
    [
     0.7598001943495752,
     -0.26238390671439893,
     0.5948599416363801
    ]
   ],
   "T": [
    25.84178609276867,
    -22.166968367819376,
    79.56379177167784
   ],
   "C": [
    -54.192669639058465,
    53.70792957196406,
    -40.84338642492864
   ],
   "n_crops": 1,
   "ref_yaw": 0.0,
   "ref_pitch": 0.0
  },
  {
   "idx": 12,
   "image": "data/8kpano/scenes/scene_023rig_pano/panoramas/pano_0012.jpg",
   "R_wp": [
    [
     0.24931493030186266,
     -0.7189205083434398,
     -0.6488415586349163
    ],
    [
     0.5419886272249566,
     0.6588253376018194,
     -0.5217255049282679
    ],
    [
     0.802552424136507,
     -0.2215907877531442,
     0.5539017325262277
    ]
   ],
   "T": [
    26.963613006819987,
    -20.88392865068782,
    90.65627377761267
   ],
   "C": [
    -68.15999176043745,
    53.23215083452642,
    -43.61523264018392
   ],
   "n_crops": 1,
   "ref_yaw": 0.0,
   "ref_pitch": 0.0
  },
  {
   "idx": 13,
   "image": "data/8kpano/scenes/scene_023rig_pano/panoramas/pano_0013.jpg",
   "R_wp": [
    [
     0.29280583476025485,
     -0.6669667113043996,
     -0.6851424298218182
    ],
    [
     0.5354518168350775,
     0.7080317344180911,
     -0.4604154807398688
    ],
    [
     0.7921843819328709,
     -0.23204841966431075,
     0.5644443603694977
    ]
   ],
   "T": [
    27.207882489102044,
    -13.888801419320348,
    102.84129188435523
   ],
   "C": [
    -81.9991080392297,
    51.84462332122349,
    -45.80153168072475
   ],
   "n_crops": 1,
   "ref_yaw": 0.0,
   "ref_pitch": 0.0
  },
  {
   "idx": 14,
   "image": "data/8kpano/scenes/scene_023rig_pano/panoramas/pano_0014.jpg",
   "R_wp": [
    [
     0.267934121329649,
     -0.7059766368784837,
     -0.6555976622968201
    ],
    [
     0.5473528844152147,
     0.671536030285296,
     -0.49944387067118046
    ],
    [
     0.7928531557291384,
     -0.22502521683227483,
     0.5663457647408823
    ]
   ],
   "T": [
    28.857257333143693,
    -5.82435622931658,
    113.90599551510797
   ],
   "C": [
    -94.8545937061837,
    49.91553588207569,
    -48.50036671000616
   ],
   "n_crops": 1,
   "ref_yaw": 0.0,
   "ref_pitch": 0.0
  },
  {
   "idx": 15,
   "image": "data/8kpano/scenes/scene_023rig_pano/panoramas/pano_0015.jpg",
   "R_wp": [
    [
     0.25668279289464213,
     -0.718336113364324,
     -0.6466120723188234
    ],
    [
     0.5543357624298559,
     0.6574666724078652,
     -0.5103424704688404
    ],
    [
     0.7917233142475443,
     -0.22744406545251072,
     0.5669597787915098
    ]
   ],
   "T": [
    29.098723853364813,
    2.0033102880870235,
    125.41478318640547
   ],
   "C": [
    -107.87345604426015,
    48.11040260354007,
    -51.267177278354225
   ],
   "n_crops": 1,
   "ref_yaw": 0.0,
   "ref_pitch": 0.0
  },
  {
   "idx": 16,
   "image": "data/8kpano/scenes/scene_023rig_pano/panoramas/pano_0016.jpg",
   "R_wp": [
    [
     0.25729546555141986,
     -0.7135588816322928,
     -0.6516385239151768
    ],
    [
     0.550189534605107,
     0.662542769880028,
     -0.5082603211846427
    ],
    [
     0.794412058957877,
     -0.22775162024313317,
     0.563061879422621
    ]
   ],
   "T": [
    29.0931517580609,
    7.7219893465486384,
    136.9242902205044
   ],
   "C": [
    -120.50840106616842,
    46.828257569354946,
    -54.213848937041334
   ],
   "n_crops": 1,
   "ref_yaw": 0.0,
   "ref_pitch": 0.0
  },
  {
   "idx": 17,
   "image": "data/8kpano/scenes/scene_023rig_pano/panoramas/pano_0017.jpg",
   "R_wp": [
    [
     0.2799411311452493,
     -0.6964649683146812,
     -0.6607340698068697
    ],
    [
     0.5466314662966539,
     0.6814248336585199,
     -0.486676726511376
    ],
    [
     0.7891938945199006,
     -0.22493720008902318,
     0.5714685055789364
    ]
   ],
   "T": [
    31.484068766218893,
    14.11901899776205,
    148.43908062670516
   ],
   "C": [
    -133.67880201963013,
    45.695971963670175,
    -57.15426473788848
   ],
   "n_crops": 1,
   "ref_yaw": 0.0,
   "ref_pitch": 0.0
  },
  {
   "idx": 18,
   "image": "data/8kpano/scenes/scene_023rig_pano/panoramas/pano_0018.jpg",
   "R_wp": [
    [
     0.27312103045774133,
     -0.7114535150068187,
     -0.6474865239571744
    ],
    [
     0.5534064476478667,
     0.6667505826964711,
     -0.4991842988072494
    ],
    [
     0.7868584411591897,
     -0.22198548704444437,
     0.5758265686108717
    ]
   ],
   "T": [
    32.59468342227413,
    21.428725124600735,
    160.21217555533823
   ],
   "C": [
    -146.8253908847592,
    44.4667649491431,
    -60.45292590548303
   ],
   "n_crops": 1,
   "ref_yaw": 0.0,
   "ref_pitch": 0.0
  },
  {
   "idx": 19,
   "image": "data/8kpano/scenes/scene_023rig_pano/panoramas/pano_0019.jpg",
   "R_wp": [
    [
     0.29121226834893116,
     -0.7233704225710426,
     -0.6260436458526368
    ],
    [
     0.04332124815093865,
     0.6637067489710565,
     -0.7467373171530374
    ],
    [
     0.9556770815613997,
     0.19033807585363094,
     0.22461685746760543
    ]
   ],
   "T": [
    37.58162182382696,
    -70.27680926676187,
    158.57736527773173
   ],
   "C": [
    -159.4485038963656,
    43.64531568520651,
    -64.56972992047051
   ],
   "n_crops": 1,
   "ref_yaw": 0.0,
   "ref_pitch": 0.0
  },
  {
   "idx": 20,
   "image": "data/8kpano/scenes/scene_023rig_pano/panoramas/pano_0020.jpg",
   "R_wp": [
    [
     0.3501610373515622,
     -0.7592712356812602,
     -0.5485384567994579
    ],
    [
     0.40238788433997774,
     0.6507570289125048,
     -0.6438938420713205
    ],
    [
     0.8458553295081107,
     0.004741306573326431,
     0.5333913024738063
    ]
   ],
   "T": [
    53.39494693338711,
    -6.580194686567535,
    173.05921779553947
   ],
   "C": [
    -162.4321010819153,
    44.00282847423595,
    -67.25604663164299
   ],
   "n_crops": 1,
   "ref_yaw": 0.0,
   "ref_pitch": 0.0
  },
  {
   "idx": 21,
   "image": "data/8kpano/scenes/scene_023rig_pano/panoramas/pano_0021.jpg",
   "R_wp": [
    [
     0.3560413040784819,
     -0.7348629125681915,
     -0.5772443932355596
    ],
    [
     0.3925639384449412,
     0.6781940467151942,
     -0.6212458363906076
    ],
    [
     0.8480142357429444,
     -0.005416154711972624,
     0.5299457719856305
    ]
   ],
   "T": [
    51.639372240169536,
    -7.786134568071046,
    173.44468979001468
   ],
   "C": [
    -162.41275983883125,
    44.16777287246594,
    -66.94484561372673
   ],
   "n_crops": 1,
   "ref_yaw": 0.0,
   "ref_pitch": 0.0
  },
  {
   "idx": 22,
   "image": "data/8kpano/scenes/scene_023rig_pano/panoramas/pano_0022.jpg",
   "R_wp": [
    [
     0.346433156444996,
     -0.751414735991692,
     -0.561569196671339
    ],
    [
     0.39158416464664814,
     0.6598262867672455,
     -0.6413198213753694
    ],
    [
     0.8524352820675263,
     0.0022728452399746295,
     0.5228278149266467
    ]
   ],
   "T": [
    51.83866246261591,
    -8.625882978216485,
    173.29701847942695
   ],
   "C": [
    -162.3053651114178,
    44.25004190056154,
    -67.02545520004816
   ],
   "n_crops": 1,
   "ref_yaw": 0.0,
   "ref_pitch": 0.0
  },
  {
   "idx": 23,
   "image": "data/8kpano/scenes/scene_023rig_pano/panoramas/pano_0023.jpg",
   "R_wp": [
    [
     0.13016180242974973,
     -0.686983808625221,
     -0.7149203814936493
    ],
    [
     0.3683189636181284,
     0.7029591421427867,
     -0.6084320714074378
    ],
    [
     0.920542799780383,
     -0.18412411891075967,
     0.34452759339105193
    ]
   ],
   "T": [
    4.24719182977432,
    -11.522808373694435,
    180.8090641664309
   ],
   "C": [
    -162.75123545909616,
    44.30912513935131,
    -66.26815390456758
   ],
   "n_crops": 1,
   "ref_yaw": 0.0,
   "ref_pitch": 0.0
  },
  {
   "idx": 24,
   "image": "data/8kpano/scenes/scene_023rig_pano/panoramas/pano_0024.jpg",
   "R_wp": [
    [
     -0.07782846158104413,
     -0.5931891546505147,
     -0.8012923045761368
    ],
    [
     0.3873918496847628,
     0.722578577039274,
     -0.5725449805925438
    ],
    [
     0.9186241262702312,
     -0.35497440303338246,
     0.17355946481061704
    ]
   ],
   "T": [
    -39.34238996148976,
    -6.8885565445275905,
    176.6961214648418
   ],
   "C": [
    -162.71070722016066,
    44.36264457790856,
    -66.13604706842209
   ],
   "n_crops": 1,
   "ref_yaw": 0.0,
   "ref_pitch": 0.0
  },
  {
   "idx": 25,
   "image": "data/8kpano/scenes/scene_023rig_pano/panoramas/pano_0025.jpg",
   "R_wp": [
    [
     -0.30422154423104353,
     -0.4301268831453524,
     -0.8499647736355574
    ],
    [
     0.3919821054189765,
     0.7566932999372296,
     -0.5232258392524329
    ],
    [
     0.8682161488114498,
     -0.49234755430058863,
     -0.06160036296357085
    ]
   ],
   "T": [
    -86.74634496515374,
    -4.250900066111419,
    158.989614641545
   ],
   "C": [
    -162.76118118895656,
    44.182840542573814,
    -66.16170024733074
   ],
   "n_crops": 1,
   "ref_yaw": 0.0,
   "ref_pitch": 0.0
  },
  {
   "idx": 26,
   "image": "data/8kpano/scenes/scene_023rig_pano/panoramas/pano_0026.jpg",
   "R_wp": [
    [
     0.11910617671750034,
     -0.6864342206543507,
     -0.7173714375289792
    ],
    [
     0.42134325489939706,
     0.6891751176346478,
     -0.5894976834424808
    ],
    [
     0.8990459277581545,
     -0.23204680120166235,
     0.3713094421551316
    ]
   ],
   "T": [
    2.85951603804297,
    -0.916971431415414,
    181.07216334059572
   ],
   "C": [
    -162.7464173767134,
    44.61203984698613,
    -65.72302136357371
   ],
   "n_crops": 1,
   "ref_yaw": 0.0,
   "ref_pitch": 0.0
  },
  {
   "idx": 27,
   "image": "data/8kpano/scenes/scene_023rig_pano/panoramas/pano_0027.jpg",
   "R_wp": [
    [
     -0.7337491795717991,
     0.13647554962773356,
     -0.6655723595759667
    ],
    [
     0.5059260984605195,
     0.7636098926940263,
     -0.40117167731076747
    ],
    [
     0.45348751291984674,
     -0.631089816217649,
     -0.6293446746355659
    ]
   ],
   "T": [
    -168.2019925332343,
    21.952202421537333,
    60.432194295465514
   ],
   "C": [
    -161.92951163868614,
    44.3306828355,
    -65.11131553321717
   ],
   "n_crops": 1,
   "ref_yaw": 0.0,
   "ref_pitch": 0.0
  },
  {
   "idx": 28,
   "image": "data/8kpano/scenes/scene_023rig_pano/panoramas/pano_0028.jpg",
   "R_wp": [
    [
     -0.8161792892253927,
     0.4406902347945496,
     -0.3736890215088707
    ],
    [
     0.5639080451142459,
     0.7484990642624091,
     -0.34893676712798255
    ],
    [
     0.1259328570904432,
     -0.495521208178846,
     -0.8594182030594972
    ]
   ],
   "T": [
    -176.0680437954134,
    35.47443602666389,
    -13.647079655310606
   ],
   "C": [
    -161.9887949796382,
    44.2764679899107,
    -65.14490865643334
   ],
   "n_crops": 1,
   "ref_yaw": 0.0,
   "ref_pitch": 0.0
  },
  {
   "idx": 29,
   "image": "data/8kpano/scenes/scene_023rig_pano/panoramas/pano_0029.jpg",
   "R_wp": [
    [
     -0.09347917575928003,
     -0.5618664461016707,
     -0.8219292794665758
    ],
    [
     0.39306244622995107,
     0.7376591926704639,
     -0.5489634130181051
    ],
    [
     0.9147478106358562,
     -0.3743861805860871,
     0.15189282643716073
    ]
   ],
   "T": [
    -45.362216260200526,
    -4.525643099638697,
    175.55730872013916
   ],
   "C": [
    -163.0522260319805,
    43.57710528348528,
    -66.43484203103621
   ],
   "n_crops": 1,
   "ref_yaw": 0.0,
   "ref_pitch": 0.0
  },
  {
   "idx": 30,
   "image": "data/8kpano/scenes/scene_023rig_pano/panoramas/pano_0030.jpg",
   "R_wp": [
    [
     -0.1939291502711912,
     -0.4963412173059215,
     -0.8461896245395415
    ],
    [
     0.40716360207351227,
     0.7440400792006265,
     -0.5297378235407098
    ],
    [
     0.8925297114503337,
     -0.4472692215505128,
     0.057801017568743514
    ]
   ],
   "T": [
    -64.80564592708795,
    -1.1314419926795023,
    169.03973511591624
   ],
   "C": [
    -162.98000785678886,
    44.28239573849752,
    -65.20790151300044
   ],
   "n_crops": 1,
   "ref_yaw": 0.0,
   "ref_pitch": 0.0
  },
  {
   "idx": 31,
   "image": "data/8kpano/scenes/scene_023rig_pano/panoramas/pano_0031.jpg",
   "R_wp": [
    [
     -0.7597345684166062,
     0.6476316602359553,
     -0.05810867588280495
    ],
    [
     0.6222763173202303,
     0.6982378119329444,
     -0.3538871894961251
    ],
    [
     -0.18861487336688107,
     -0.30501998401271113,
     -0.9334812472126481
    ]
   ],
   "T": [
    -154.49593829662447,
    47.028760311869235,
    -77.82193418233267
   ],
   "C": [
    -161.31916303987694,
    43.48195720054277,
    -64.97999477245857
   ],
   "n_crops": 1,
   "ref_yaw": 0.0,
   "ref_pitch": 0.0
  },
  {
   "idx": 32,
   "image": "data/8kpano/scenes/scene_023rig_pano/panoramas/pano_0032.jpg",
   "R_wp": [
    [
     -0.5770825956232537,
     0.7693944583077035,
     0.273875601969441
    ],
    [
     0.6821477032270882,
     0.6384963832894541,
     -0.35636621544177693
    ],
    [
     -0.44905477261770216,
     -0.018829127746185913,
     -0.8933058127749879
    ]
   ],
   "T": [
    -108.66328080974432,
    59.05725232675587,
    -129.75588807795182
   ],
   "C": [
    -161.26095798887764,
    43.453893866465236,
    -65.10545811199592
   ],
   "n_crops": 1,
   "ref_yaw": 0.0,
   "ref_pitch": 0.0
  },
  {
   "idx": 33,
   "image": "data/8kpano/scenes/scene_023rig_pano/panoramas/pano_0033.jpg",
   "R_wp": [
    [
     -0.6072111246854954,
     0.7646248603120636,
     0.21597100048602136
    ],
    [
     0.6766013654930452,
     0.6401113299564113,
     -0.36396164286141613
    ],
    [
     -0.416539604684983,
     -0.07487528466851999,
     -0.9060289451638321
    ]
   ],
   "T": [
    -117.11865014936733,
    57.70316760487694,
    -122.96488415391528
   ],
   "C": [
    -161.37753350918487,
    43.40834944688595,
    -65.11377255405485
   ],
   "n_crops": 1,
   "ref_yaw": 0.0,
   "ref_pitch": 0.0
  },
  {
   "idx": 34,
   "image": "data/8kpano/scenes/scene_023rig_pano/panoramas/pano_0034.jpg",
   "R_wp": [
    [
     -0.619490323140632,
     0.7567233532438259,
     0.20880973681927525
    ],
    [
     0.6732612693045875,
     0.6489505438759152,
     -0.35437614882710383
    ],
    [
     -0.40367189992553415,
     -0.07894908649613322,
     -0.9114911074453419
    ]
   ],
   "T": [
    -119.21839254901045,
    57.50653577580825,
    -121.0897632378166
   ],
   "C": [
    -161.45209858196617,
    43.33651791823673,
    -65.09933654113678
   ],
   "n_crops": 1,
   "ref_yaw": 0.0,
   "ref_pitch": 0.0
  },
  {
   "idx": 35,
   "image": "data/8kpano/scenes/scene_023rig_pano/panoramas/pano_0035.jpg",
   "R_wp": [
    [
     -0.49694317842047575,
     0.7815023662565888,
     0.3772287488470461
    ],
    [
     0.6993503448888921,
     0.6180340541824209,
     -0.3590863447342825
    ],
    [
     -0.5137670411043727,
     0.085369546128542,
     -0.8536717566305357
    ]
   ],
   "T": [
    -89.04467722773948,
    62.85291530991873,
    -142.31232252654416
   ],
   "C": [
    -161.32173377939608,
    42.892522272448915,
    -65.32817456476495
   ],
   "n_crops": 1,
   "ref_yaw": 0.0,
   "ref_pitch": 0.0
  },
  {
   "idx": 36,
   "image": "data/8kpano/scenes/scene_023rig_pano/panoramas/pano_0036.jpg",
   "R_wp": [
    [
     -0.4443772419899628,
     0.7821708162042275,
     0.4367352528475421
    ],
    [
     0.7036322619176832,
     0.6064850757994774,
     -0.37023977747009706
    ],
    [
     -0.5544641618626025,
     0.14277488263316807,
     -0.8198687859036267
    ]
   ],
   "T": [
    -76.87258669711082,
    63.294361730588896,
    -149.13881835089114
   ],
   "C": [
    -161.3885128903326,
    43.033685394851524,
    -65.26720294199426
   ],
   "n_crops": 1,
   "ref_yaw": 0.0,
   "ref_pitch": 0.0
  },
  {
   "idx": 37,
   "image": "data/8kpano/scenes/scene_023rig_pano/panoramas/pano_0037.jpg",
   "R_wp": [
    [
     -0.43327772541019616,
     0.7792647488125559,
     0.452787879609725
    ],
    [
     0.7022819404260245,
     0.6067934212927212,
     -0.37229265373806664
    ],
    [
     -0.5648632478882156,
     0.15667863649514757,
     -0.8101736332732616
    ]
   ],
   "T": [
    -73.73627512002957,
    63.00921941531171,
    -150.820976079041
   ],
   "C": [
    -161.3917488376192,
    42.85692497471404,
    -65.34641699576832
   ],
   "n_crops": 1,
   "ref_yaw": 0.0,
   "ref_pitch": 0.0
  },
  {
   "idx": 38,
   "image": "data/8kpano/scenes/scene_023rig_pano/panoramas/pano_0038.jpg",
   "R_wp": [
    [
     -0.5159704432083467,
     0.7748356126433702,
     0.3652454997874102
    ],
    [
     0.6784227671670728,
     0.6299583917167113,
     -0.3780145151909726
    ],
    [
     -0.5229885760939269,
     0.0527465457188209,
     -0.8507060310059987
    ]
   ],
   "T": [
    -93.59947875920655,
    57.82260287113143,
    -142.2239301911674
   ],
   "C": [
    -161.90422552125457,
    43.6001965940567,
    -64.94618357634386
   ],
   "n_crops": 1,
   "ref_yaw": 0.0,
   "ref_pitch": 0.0
  },
  {
   "idx": 39,
   "image": "data/8kpano/scenes/scene_023rig_pano/panoramas/pano_0039.jpg",
   "R_wp": [
    [
     -0.815754353525174,
     0.49271499869286073,
     -0.30294680187752315
    ],
    [
     0.5765264618747106,
     0.7347663041274497,
     -0.3574013389414149
    ],
    [
     0.046498101713432556,
     -0.466208546019893,
     -0.8834520463245671
    ]
   ],
   "T": [
    -173.61233185577186,
    38.05005604795015,
    -29.499191070994843
   ],
   "C": [
    -162.19022333757928,
    43.83072583121497,
    -65.05728044046184
   ],
   "n_crops": 1,
   "ref_yaw": 0.0,
   "ref_pitch": 0.0
  },
  {
   "idx": 40,
   "image": "data/8kpano/scenes/scene_023rig_pano/panoramas/pano_0040.jpg",
   "R_wp": [
    [
     -0.6931434619192407,
     0.041516527100135626,
     -0.7196030288820034
    ],
    [
     0.4754605788285726,
     0.7766781206115013,
     -0.4131686519369361
    ],
    [
     0.5417466005233517,
     -0.6285280223991051,
     -0.5580888333235684
    ]
   ],
   "T": [
    -161.8519556444231,
    16.144131166566165,
    79.3506743407162
   ],
   "C": [
    -162.85048087623346,
    44.054860068773245,
    -65.51418333517059
   ],
   "n_crops": 1,
   "ref_yaw": 0.0,
   "ref_pitch": 0.0
  },
  {
   "idx": 41,
   "image": "data/8kpano/scenes/scene_023rig_pano/panoramas/pano_0041.jpg",
   "R_wp": [
    [
     -0.6528795301073099,
     -0.02293814706004284,
     -0.7571143642649439
    ],
    [
     0.4708732442587594,
     0.7706482655246358,
     -0.4293945023927312
    ],
    [
     0.5933183858672243,
     -0.6368477779291708,
     -0.49233951775029094
    ]
   ],
   "T": [
    -154.85405325441585,
    14.634085195246367,
    92.40788639724792
   ],
   "C": [
    -162.81913869521713,
    44.019959695568744,
    -65.46237812803642
   ],
   "n_crops": 1,
   "ref_yaw": 0.0,
   "ref_pitch": 0.0
  },
  {
   "idx": 42,
   "image": "data/8kpano/scenes/scene_023rig_pano/panoramas/pano_0042.jpg",
   "R_wp": [
    [
     -0.740341522389774,
     0.12504527145753136,
     -0.6604983802491147
    ],
    [
     0.49388032881686167,
     0.7677418548451896,
     -0.40823359137461557
    ],
    [
     0.4560445713231767,
     -0.6284394357493653,
     -0.6301485734028762
    ]
   ],
   "T": [
    -168.75936181244418,
    19.899252749794513,
    60.630267557123645
   ],
   "C": [
    -162.417516710328,
    43.92752212560815,
    -65.1356651071177
   ],
   "n_crops": 1,
   "ref_yaw": 0.0,
   "ref_pitch": 0.0
  },
  {
   "idx": 43,
   "image": "data/8kpano/scenes/scene_023rig_pano/panoramas/pano_0043.jpg",
   "R_wp": [
    [
     -0.3852775460228713,
     0.7662095769304089,
     0.5142801733984288
    ],
    [
     0.6794738116897858,
     0.6126394272063106,
     -0.4037180593682639
    ],
    [
     -0.6244009543220983,
     0.19389640649699386,
     -0.7566555569010284
    ]
   ],
   "T": [
    -61.05597364073537,
    56.91190178907418,
    -158.76146332744838
   ],
   "C": [
    -161.3244517447083,
    42.69847404845836,
    -65.7515041922431
   ],
   "n_crops": 1,
   "ref_yaw": 0.0,
   "ref_pitch": 0.0
  },
  {
   "idx": 44,
   "image": "data/8kpano/scenes/scene_023rig_pano/panoramas/pano_0044.jpg",
   "R_wp": [
    [
     -0.027309692992465065,
     0.6489543628370654,
     0.7603370408071647
    ],
    [
     0.7099406708636233,
     0.5480641964845822,
     -0.4422780577706945
    ],
    [
     -0.703731784504839,
     0.5277157108580793,
     -0.47568656065857756
    ]
   ],
   "T": [
    18.160510984657503,
    62.17439413944084,
    -167.39191933452173
   ],
   "C": [
    -161.44318721128982,
    42.474443502723126,
    -65.93582528883564
   ],
   "n_crops": 1,
   "ref_yaw": 0.0,
   "ref_pitch": 0.0
  },
  {
   "idx": 45,
   "image": "data/8kpano/scenes/scene_023rig_pano/panoramas/pano_0045.jpg",
   "R_wp": [
    [
     0.013459818791759042,
     0.6578518455791342,
     0.7530270795570503
    ],
    [
     0.3988466616857166,
     0.6870575798956122,
     -0.6073493412939082
    ],
    [
     -0.9169188479577961,
     0.30851714891738424,
     -0.25313434196812573
    ]
   ],
   "T": [
    23.66752493353432,
    -5.493422941920806,
    -176.66550592528438
   ],
   "C": [
    -160.115459362135,
    42.7089111141194,
    -65.87882057713034
   ],
   "n_crops": 1,
   "ref_yaw": 0.0,
   "ref_pitch": 0.0
  },
  {
   "idx": 46,
   "image": "data/8kpano/scenes/scene_023rig_pano/panoramas/pano_0046.jpg",
   "R_wp": [
    [
     0.015706472024084126,
     0.6434578627172239,
     0.7653203810457023
    ],
    [
     0.3922485741615037,
     0.7000928733892681,
     -0.5966665942532948
    ],
    [
     -0.9197251561226448,
     0.30956735541226044,
     -0.24139944005369046
    ]
   ],
   "T": [
    24.61976559236657,
    -6.818141706355125,
    -168.3038676353763
   ],
   "C": [
    -152.50558423375864,
    41.03293387925268,
    -63.538625181523386
   ],
   "n_crops": 1,
   "ref_yaw": 0.0,
   "ref_pitch": 0.0
  },
  {
   "idx": 47,
   "image": "data/8kpano/scenes/scene_023rig_pano/panoramas/pano_0047.jpg",
   "R_wp": [
    [
     -0.4650894289654947,
     0.8748432114337196,
     0.13542960707646656
    ],
    [
     0.8732460595546041,
     0.4784972411384621,
     -0.09209619804984916
    ],
    [
     -0.14537242701732087,
     0.07543040256565532,
     -0.9864973957552433
    ]
   ],
   "T": [
    -94.03746385341776,
    101.56702270825838,
    -81.08737077916203
   ],
   "C": [
    -144.2167006162493,
    39.78494973691993,
    -57.90308668347407
   ],
   "n_crops": 1,
   "ref_yaw": 0.0,
   "ref_pitch": 0.0
  },
  {
   "idx": 48,
   "image": "data/8kpano/scenes/scene_023rig_pano/panoramas/pano_0048.jpg",
   "R_wp": [
    [
     -0.642716483557442,
     0.7596069822322982,
     -0.09956281588774497
    ],
    [
     0.5925442783309737,
     0.41051826017594656,
     -0.6930844366160155
    ],
    [
     -0.4855994233736086,
     -0.50445216879904,
     -0.7139476237184096
    ]
   ],
   "T": [
    -128.41216003093206,
    29.32720940585837,
    -84.30507660696472
   ],
   "C": [
    -140.84877866176194,
    42.97553964676606,
    -52.64825294926901
   ],
   "n_crops": 1,
   "ref_yaw": 0.0,
   "ref_pitch": 0.0
  },
  {
   "idx": 49,
   "image": "data/8kpano/scenes/scene_023rig_pano/panoramas/pano_0049.jpg",
   "R_wp": [
    [
     -0.8131867487902894,
     0.5808095943644319,
     -0.03724951927343745
    ],
    [
     0.46632113542649,
     0.6119222084395087,
     -0.638823770278677
    ],
    [
     -0.34824116678880335,
     -0.5368532629245526,
     -0.7684508207041192
    ]
   ],
   "T": [
    -142.00840698051425,
    6.951644674707993,
    -53.476119317815495
   ],
   "C": [
    -137.34363979773744,
    49.51715034874566,
    -41.94263680992288
   ],
   "n_crops": 1,
   "ref_yaw": 0.0,
   "ref_pitch": 0.0
  },
  {
   "idx": 50,
   "image": "data/8kpano/scenes/scene_023rig_pano/panoramas/pano_0050.jpg",
   "R_wp": [
    [
     -0.7573529906417882,
     0.6513038583746054,
     -0.04711402797778136
    ],
    [
     0.5511733077045335,
     0.5988917204801435,
     -0.5809790805307687
    ],
    [
     -0.3501777155102569,
     -0.4659742387800918,
     -0.8125537375172992
    ]
   ],
   "T": [
    -138.50232789769666,
    23.767693460457448,
    -43.3189840131606
   ],
   "C": [
    -133.1646133252319,
    55.78729512499708,
    -27.91587222391196
   ],
   "n_crops": 1,
   "ref_yaw": 0.0,
   "ref_pitch": 0.0
  },
  {
   "idx": 51,
   "image": "data/8kpano/scenes/scene_023rig_pano/panoramas/pano_0051.jpg",
   "R_wp": [
    [
     -0.75608393263268,
     0.6534567485740002,
     -0.03648786863871973
    ],
    [
     0.5497901812201236,
     0.6039132024070861,
     -0.5770785047048292
    ],
    [
     -0.355060337757745,
     -0.45638045718623177,
     -0.815873173262758
    ]
   ],
   "T": [
    -138.255658963623,
    25.922636541921452,
    -28.452572278299773
   ],
   "C": [
    -128.88727330323496,
    61.70387298496341,
    -13.29894842138994
   ],
   "n_crops": 1,
   "ref_yaw": 0.0,
   "ref_pitch": 0.0
  },
  {
   "idx": 52,
   "image": "data/8kpano/scenes/scene_023rig_pano/panoramas/pano_0052.jpg",
   "R_wp": [
    [
     -0.7528615260154604,
     0.6572065903171423,
     -0.035763393147011616
    ],
    [
     0.5480768496723515,
     0.5959082152740416,
     -0.5869456242465202
    ],
    [
     -0.36443283263024223,
     -0.4614898662079403,
     -0.8088360859212919
    ]
   ],
   "T": [
    -138.09818274406896,
    29.123963171932736,
    -12.645916415852328
   ],
   "C": [
    -124.5395657265426,
    67.56786461990134,
    1.9268496054328992
   ],
   "n_crops": 1,
   "ref_yaw": 0.0,
   "ref_pitch": 0.0
  },
  {
   "idx": 53,
   "image": "data/8kpano/scenes/scene_023rig_pano/panoramas/pano_0053.jpg",
   "R_wp": [
    [
     -0.7496738021855144,
     0.6617029484564765,
     -0.01176428156410099
    ],
    [
     0.5383897968143483,
     0.5994363644654624,
     -0.5922942441410638
    ],
    [
     -0.3848709095306091,
     -0.4503612471787899,
     -0.805635854488023
    ]
   ],
   "T": [
    -138.3453486361036,
    31.070007341148738,
    0.48103150958675334
   ],
   "C": [
    -120.25652343152231,
    73.1356708038453,
    17.162589110405744
   ],
   "n_crops": 1,
   "ref_yaw": 0.0,
   "ref_pitch": 0.0
  },
  {
   "idx": 54,
   "image": "data/8kpano/scenes/scene_023rig_pano/panoramas/pano_0054.jpg",
   "R_wp": [
    [
     -0.7950865508059533,
     0.5701568687382834,
     0.20678133803137985
    ],
    [
     0.5481165003193281,
     0.8214505501756184,
     -0.15743981610083857
    ],
    [
     -0.2596260364547126,
     -0.011838017010031393,
     -0.9656366721226399
    ]
   ],
   "T": [
    -142.35261485235188,
    3.7230990101526835,
    2.019086477864684
   ],
   "C": [
    -114.69913412144474,
    78.12888139074526,
    31.971732142131703
   ],
   "n_crops": 1,
   "ref_yaw": 0.0,
   "ref_pitch": 0.0
  },
  {
   "idx": 55,
   "image": "data/8kpano/scenes/scene_023rig_pano/panoramas/pano_0055.jpg",
   "R_wp": [
    [
     -0.6430774604771062,
     0.7247360632399608,
     0.24740456435918742
    ],
    [
     0.6188853030790918,
     0.6821138826809968,
     -0.38948893782308636
    ],
    [
     -0.451034767461463,
     -0.09735650822260952,
     -0.8871805615812854
    ]
   ],
   "T": [
    -138.9117506268953,
    22.846425766775596,
    -6.637795975311758
   ],
   "C": [
    -106.46420972269921,
    84.44425846349833,
    37.37690769213542
   ],
   "n_crops": 1,
   "ref_yaw": 0.0,
   "ref_pitch": 0.0
  },
  {
   "idx": 56,
   "image": "data/8kpano/scenes/scene_023rig_pano/panoramas/pano_0056.jpg",
   "R_wp": [
    [
     -0.5910156675631985,
     0.7729125787955189,
     0.23088227787010246
    ],
    [
     0.6470724309456716,
     0.625160145069171,
     -0.4364310508283665
    ],
    [
     -0.4816614472893646,
     -0.10854003204695403,
     -0.8696098617416668
    ]
   ],
   "T": [
    -136.03982361665285,
    23.65848164858855,
    -2.3419172979928953
   ],
   "C": [
    -96.83842967799494,
    90.10235929231132,
    39.69792598683887
   ],
   "n_crops": 1,
   "ref_yaw": 0.0,
   "ref_pitch": 0.0
  },
  {
   "idx": 57,
   "image": "data/8kpano/scenes/scene_023rig_pano/panoramas/pano_0057.jpg",
   "R_wp": [
    [
     -0.5907217787765208,
     0.7779052094503316,
     0.21426914194334873
    ],
    [
     0.6508621247506955,
     0.6163465930072931,
     -0.4432779848507168
    ],
    [
     -0.4768923092733965,
     -0.12239429070973074,
     -0.8703983932415944
    ]
   ],
   "T": [
    -135.34291280860614,
    16.216853290114443,
    6.66940752324853
   ],
   "C": [
    -87.32435263302226,
    96.10505206459771,
    41.993425434784044
   ],
   "n_crops": 1,
   "ref_yaw": 0.0,
   "ref_pitch": 0.0
  },
  {
   "idx": 58,
   "image": "data/8kpano/scenes/scene_023rig_pano/panoramas/pano_0058.jpg",
   "R_wp": [
    [
     -0.5875403661174893,
     0.780929705316395,
     0.2120026262501831
    ],
    [
     0.6508310908663937,
     0.6117329418395351,
     -0.449668432325428
    ],
    [
     -0.48084842657971344,
     -0.1262204548510125,
     -0.8676711286155703
    ]
   ],
   "T": [
    -134.8897402134423,
    8.243983786121927,
    13.98431042855055
   ],
   "C": [
    -77.89427464473475,
    102.0613946441962,
    44.43782085712732
   ],
   "n_crops": 1,
   "ref_yaw": 0.0,
   "ref_pitch": 0.0
  },
  {
   "idx": 59,
   "image": "data/8kpano/scenes/scene_023rig_pano/panoramas/pano_0059.jpg",
   "R_wp": [
    [
     -0.5956357151182943,
     0.7622094657291341,
     0.253485355057104
    ],
    [
     0.7724823394247856,
     0.6300574250601098,
     -0.07936420101931607
    ],
    [
     -0.22020247535467882,
     0.14854080745550172,
     -0.9640780561594273
    ]
   ],
   "T": [
    -134.92266149590276,
    -6.860553796327828,
    12.985508468949693
   ],
   "C": [
    -72.20565821083686,
    105.23299467974746,
    46.175480146929544
   ],
   "n_crops": 1,
   "ref_yaw": 0.0,
   "ref_pitch": 0.0
  },
  {
   "idx": 60,
   "image": "data/8kpano/scenes/scene_023rig_pano/panoramas/pano_0060.jpg",
   "R_wp": [
    [
     -0.3719254326252467,
     0.7869013895277928,
     0.4923999144250048
    ],
    [
     0.7245965569875485,
     0.577664251164032,
     -0.3758508248346524
    ],
    [
     -0.5801993641571084,
     0.21700280202413808,
     -0.7850340640668784
    ]
   ],
   "T": [
    -131.76325945455318,
    8.07145022176861,
    -28.665684639955778
   ],
   "C": [
    -71.48646431856781,
    105.24263759414394,
    45.41033999108126
   ],
   "n_crops": 1,
   "ref_yaw": 0.0,
   "ref_pitch": 0.0
  },
  {
   "idx": 61,
   "image": "data/8kpano/scenes/scene_023rig_pano/panoramas/pano_0061.jpg",
   "R_wp": [
    [
     0.18734972074818385,
     0.5294003329234839,
     0.8274269572814764
    ],
    [
     0.7135433981801462,
     0.5055674175473374,
     -0.4850334063010975
    ],
    [
     -0.675096956776659,
     0.6812759160685344,
     -0.2830321980550495
    ]
   ],
   "T": [
    -79.50320779621613,
    19.82179044847046,
    -107.50326455639528
   ],
   "C": [
    -71.82393068098902,
    105.30715830862026,
    44.9704425956582
   ],
   "n_crops": 1,
   "ref_yaw": 0.0,
   "ref_pitch": 0.0
  },
  {
   "idx": 62,
   "image": "data/8kpano/scenes/scene_023rig_pano/panoramas/pano_0062.jpg",
   "R_wp": [
    [
     0.1267812544968294,
     0.5788607795250376,
     0.8055102180828473
    ],
    [
     0.6985140460827813,
     0.5244684919977185,
     -0.4868376817037699
    ],
    [
     -0.7042759692998701,
     0.6243820936168053,
     -0.3378496118651359
    ]
   ],
   "T": [
    -88.3352244137065,
    16.928110594806387,
    -101.19551653511851
   ],
   "C": [
    -71.89484295325803,
    105.44020470643991,
    45.2073020156008
   ],
   "n_crops": 1,
   "ref_yaw": 0.0,
   "ref_pitch": 0.0
  },
  {
   "idx": 63,
   "image": "data/8kpano/scenes/scene_023rig_pano/panoramas/pano_0063.jpg",
   "R_wp": [
    [
     -0.12856469329403572,
     0.7057010280511044,
     0.6967475716827617
    ],
    [
     0.6837954876925797,
     0.5719377094644524,
     -0.4531125550057323
    ],
    [
     -0.7182582061135655,
     0.4181785689154459,
     -0.5560861748419507
    ]
   ],
   "T": [
    -114.9836913142564,
    8.889966987634029,
    -70.61246471285625
   ],
   "C": [
    -71.57974455342722,
    105.58822125467421,
    44.876147963677425
   ],
   "n_crops": 1,
   "ref_yaw": 0.0,
   "ref_pitch": 0.0
  },
  {
   "idx": 64,
   "image": "data/8kpano/scenes/scene_023rig_pano/panoramas/pano_0064.jpg",
   "R_wp": [
    [
     -0.07822794402110068,
     0.7132926729796663,
     0.6964868638012887
    ],
    [
     0.38512299800126243,
     0.6660155219983598,
     -0.6388298684843816
    ],
    [
     -0.9195437266300882,
     0.21825876186484594,
     -0.3268064376423351
    ]
   ],
   "T": [
    -112.46627975737654,
    -14.213770893761437,
    -71.21035234462205
   ],
   "C": [
    -68.80498854722846,
    105.23024868428827,
    45.97910350788334
   ],
   "n_crops": 1,
   "ref_yaw": 0.0,
   "ref_pitch": 0.0
  },
  {
   "idx": 65,
   "image": "data/8kpano/scenes/scene_023rig_pano/panoramas/pano_0065.jpg",
   "R_wp": [
    [
     -0.12358076018737504,
     0.5684722293452263,
     0.8133677644059784
    ],
    [
     0.4467074449200379,
     0.7637751332492878,
     -0.4659399150996231
    ],
    [
     -0.8861039749174591,
     0.30575622690846543,
     -0.34832868865796457
    ]
   ],
   "T": [
    -107.06546073847399,
    -29.68778192592671,
    -66.7828008755328
   ],
   "C": [
    -59.145983130329014,
    103.95778796630687,
    49.98850640200588
   ],
   "n_crops": 1,
   "ref_yaw": 0.0,
   "ref_pitch": 0.0
