{
 "scene_dir": "data/8kpano/scenes/scene_023hf_pano",
 "point_cloud": "/w/p3_pano/gps_init_023v2.ply",
 "cameras_extent": 316.81585864965865,
 "cameras": [
  {
   "idx": 1,
   "image": "data/8kpano/scenes/scene_023hf_pano/panoramas/pano_0001.jpg",
   "R_wp": [
    [
     -0.3658432858368168,
     0.12907721742837752,
     -0.921682028765381
    ],
    [
     0.25953251747868383,
     0.9651988962307678,
     0.03215529639240711
    ],
    [
     0.8937569930239972,
     -0.22744265795108537,
     -0.3866112708714633
    ]
   ],
   "T": [
    0.0,
    0.0,
    0.0
   ],
   "C": [
    0.0,
    0.0,
    0.0
   ],
   "n_crops": 1,
   "ref_yaw": 0.0,
   "ref_pitch": 0.0
  },
  {
   "idx": 2,
   "image": "data/8kpano/scenes/scene_023hf_pano/panoramas/pano_0002.jpg",
   "R_wp": [
    [
     -0.3604650899898554,
     0.15096053694174177,
     -0.9204758743089724
    ],
    [
     0.2684464530536512,
     0.961856271015266,
     0.05262143813618935
    ],
    [
     0.8933092525780304,
     -0.22813029214654523,
     -0.38724042798190994
    ]
   ],
   "T": [
    0.06803100547673949,
    0.09969562641858543,
    -0.03420827201663098
   ],
   "C": [
    0.02831843112140464,
    -0.11396680366794931,
    0.04412794611204426
   ],
   "n_crops": 1,
   "ref_yaw": 0.0,
   "ref_pitch": 0.0
  },
  {
   "idx": 3,
   "image": "data/8kpano/scenes/scene_023hf_pano/panoramas/pano_0003.jpg",
   "R_wp": [
    [
     -0.5845661177500042,
     -0.0029617806742907385,
     -0.8113406694070786
    ],
    [
     -0.07131126212490373,
     0.9963108821528945,
     0.04774232920453677
    ],
    [
     0.8082061357555025,
     0.08576627518412173,
     -0.5826207927702204
    ]
   ],
   "T": [
    0.01055267954744751,
    0.0035010048533691152,
    -0.050562049886434625
   ],
   "C": [
    0.04728295894430269,
    0.000879684172897105,
    -0.021063829627113742
   ],
   "n_crops": 1,
   "ref_yaw": 0.0,
   "ref_pitch": 0.0
  },
  {
   "idx": 4,
   "image": "data/8kpano/scenes/scene_023hf_pano/panoramas/pano_0004.jpg",
   "R_wp": [
    [
     -0.4286487842854141,
     0.08503477052541848,
     -0.8994605647455183
    ],
    [
     -0.013313545483962063,
     0.9948582392634304,
     0.10039837287682114
    ],
    [
     0.9033731063283228,
     0.05501064961765272,
     -0.4253126605114889
    ]
   ],
   "T": [
    -2.695116811872305,
    0.8398696472765779,
    1.2867905934986312
   ],
   "C": [
    -2.306528917809553,
    -0.6771597853338605,
    -1.9611845048349401
   ],
   "n_crops": 1,
   "ref_yaw": 0.0,
   "ref_pitch": 0.0
  },
  {
   "idx": 5,
   "image": "data/8kpano/scenes/scene_023hf_pano/panoramas/pano_0005.jpg",
   "R_wp": [
    [
     -0.16038209674932308,
     0.09762763205053897,
     -0.9822150622457874
    ],
    [
     0.3420873758211279,
     0.9389209262819085,
     0.037466271414932355
    ],
    [
     0.9258800194118596,
     -0.3299944539687413,
     -0.1839832872947088
    ]
   ],
   "T": [
    -9.518371531980732,
    5.860781466842346,
    7.108176548315982
   ],
   "C": [
    -10.11279437672906,
    -2.227895451163975,
    -8.26088382787297
   ],
   "n_crops": 1,
   "ref_yaw": 0.0,
   "ref_pitch": 0.0
  },
  {
   "idx": 6,
   "image": "data/8kpano/scenes/scene_023hf_pano/panoramas/pano_0006.jpg",
   "R_wp": [
    [
     -0.10302414083971989,
     0.11965516899720967,
     -0.9874556531492882
    ],
    [
     0.41432866205315944,
     0.907675550950893,
     0.06675967351052353
    ],
    [
     0.9042774940279542,
     -0.40225332160001137,
     -0.14308905987629397
    ]
   ],
   "T": [
    -14.412376364422018,
    9.701717383450804,
    13.493494505768924
   ],
   "C": [
    -17.706385672863,
    -1.6536933567202057,
    -12.948494558097835
   ],
   "n_crops": 1,
   "ref_yaw": 0.0,
   "ref_pitch": 0.0
  },
  {
   "idx": 7,
   "image": "data/8kpano/scenes/scene_023hf_pano/panoramas/pano_0007.jpg",
   "R_wp": [
    [
     -0.6185611080925217,
     -0.09850332597569707,
     -0.7795378440634411
    ],
    [
     -0.014046812843020067,
     0.9933385269688819,
     -0.11437332682161837
    ],
    [
     0.7856111268333111,
     -0.059796869575398176,
     -0.6158242377372607
    ]
   ],
   "T": [
    -28.347845235215484,
    -5.079879790285613,
    10.005315230355707
   ],
   "C": [
    -25.466517653851618,
    2.8519697980385885,
    -16.51770528491802
   ],
   "n_crops": 1,
   "ref_yaw": 0.0,
   "ref_pitch": 0.0
  },
  {
   "idx": 8,
   "image": "data/8kpano/scenes/scene_023hf_pano/panoramas/pano_0008.jpg",
   "R_wp": [
    [
     -0.061129049544536455,
     0.0880196027593075,
     -0.9942413131789867
    ],
    [
     0.26430392794311003,
     0.9619742517040826,
     0.06891279077365288
    ],
    [
     0.9625002197275724,
     -0.2585693109950669,
     -0.08206849843826482
    ]
   ],
   "T": [
    -23.910719736444996,
    2.2811421796621234,
    34.601519146352175
   ],
   "C": [
    -35.36852419096785,
    8.857102976634831,
    -21.090530543545803
   ],
   "n_crops": 1,
   "ref_yaw": 0.0,
   "ref_pitch": 0.0
  },
  {
   "idx": 9,
   "image": "data/8kpano/scenes/scene_023hf_pano/panoramas/pano_0009.jpg",
   "R_wp": [
    [
     -0.06252809254630096,
     0.10400995103963079,
     -0.9926087687136635
    ],
    [
     0.27486160532474274,
     0.9578896437757275,
     0.0830573793561709
    ],
    [
     0.95944845383211,
     -0.26763662012501827,
     -0.08848335440765288
    ]
   ],
   "T": [
    -30.2423300080926,
    0.07600051442551978,
    46.15760637111524
   ],
   "C": [
    -46.197728898319966,
    15.426168920002514,
    -25.940934512778647
   ],
   "n_crops": 1,
   "ref_yaw": 0.0,
   "ref_pitch": 0.0
  },
  {
   "idx": 10,
   "image": "data/8kpano/scenes/scene_023hf_pano/panoramas/pano_0010.jpg",
   "R_wp": [
    [
     -0.08743236994726616,
     0.09886686554380432,
     -0.9912521997871928
    ],
    [
     0.2788425347330379,
     0.9577140664428868,
     0.07092677746157883
    ],
    [
     0.9563484832993985,
     -0.2702019797021722,
     -0.1113034979502802
    ]
   ],
   "T": [
    -38.06997333486887,
    -3.2531387719945757,
    57.25560921387168
   ],
   "C": [
    -57.177749563544715,
    22.350014655626694,
    -31.13346058151741
   ],
   "n_crops": 1,
   "ref_yaw": 0.0,
   "ref_pitch": 0.0
  },
  {
   "idx": 11,
   "image": "data/8kpano/scenes/scene_023hf_pano/panoramas/pano_0011.jpg",
   "R_wp": [
    [
     -0.07768954013556771,
     0.13267586059354097,
     -0.9881100401115698
    ],
    [
     0.2839558722580658,
     0.9530006006458928,
     0.10563577887595037
    ],
    [
     0.9556847796023986,
     -0.2723728532440981,
     -0.11171226813552777
    ]
   ],
   "T": [
    -45.543313030972634,
    -4.667416667130485,
    69.39161557536944
   ],
   "C": [
    -68.5294095121209,
    29.390941463386287,
    -36.756863905364064
   ],
   "n_crops": 1,
   "ref_yaw": 0.0,
   "ref_pitch": 0.0
  },
  {
   "idx": 12,
   "image": "data/8kpano/scenes/scene_023hf_pano/panoramas/pano_0012.jpg",
   "R_wp": [
    [
     -0.05684741929900254,
     0.124345617855109,
     -0.9906091753256049
    ],
    [
     0.28659574027986895,
     0.9524864643494347,
     0.10311361153866441
    ],
    [
     0.9563635566940418,
     -0.27804262721989936,
     -0.08978332181523964
    ]
   ],
   "T": [
    -51.12775876385592,
    -7.7393078850433445,
    83.12703732976358
   ],
   "C": [
    -80.18809754583039,
    36.84195860914937,
    -42.3861774143477
   ],
   "n_crops": 1,
   "ref_yaw": 0.0,
   "ref_pitch": 0.0
  },
  {
   "idx": 13,
   "image": "data/8kpano/scenes/scene_023hf_pano/panoramas/pano_0013.jpg",
   "R_wp": [
    [
     -0.09402429774737535,
     0.11601368965222311,
     -0.9887872649090859
    ],
    [
     0.2764583633220514,
     0.9571688111514868,
     0.08601534925896455
    ],
    [
     0.9564152888690169,
     -0.2652709761208845,
     -0.12207008005841488
    ]
   ],
   "T": [
    -61.724991087609105,
    -13.572286040749704,
    92.7875472608612
   ],
   "C": [
    -90.79490577205522,
    44.76575608780777,
    -48.53887686745978
   ],
   "n_crops": 1,
   "ref_yaw": 0.0,
   "ref_pitch": 0.0
  },
  {
   "idx": 14,
   "image": "data/8kpano/scenes/scene_023hf_pano/panoramas/pano_0014.jpg",
   "R_wp": [
    [
     -0.09982977950741014,
     0.22879156325616817,
     -0.9683431394429877
    ],
    [
     0.23030700954429079,
     0.9520892695673397,
     0.20120811149030599
    ],
    [
     0.967983830690507,
     -0.20292965125266496,
     -0.14773916259477052
    ]
   ],
   "T": [
    -75.21217520779757,
    -15.69693543202222,
    100.2102343171687
   ],
   "C": [
    -100.89518709763452,
    52.48842283353943,
    -54.867867029148016
   ],
   "n_crops": 1,
   "ref_yaw": 0.0,
   "ref_pitch": 0.0
  },
  {
   "idx": 15,
   "image": "data/8kpano/scenes/scene_023hf_pano/panoramas/pano_0015.jpg",
   "R_wp": [
    [
     -0.14735968758307083,
     0.140642205403975,
     -0.9790326309855695
    ],
    [
     0.2271852887277954,
     0.9681865027383283,
     0.10488918200173454
    ],
    [
     0.9626380249403657,
     -0.20696537385377034,
     -0.17462350060768222
    ]
   ],
   "T": [
    -84.57904314786296,
    -26.337637115175177,
    108.67854326337827
   ],
   "C": [
    -111.09811592237972,
    59.88782326459428,
    -61.06528226083047
   ],
   "n_crops": 1,
   "ref_yaw": 0.0,
   "ref_pitch": 0.0
  },
  {
   "idx": 16,
   "image": "data/8kpano/scenes/scene_023hf_pano/panoramas/pano_0016.jpg",
   "R_wp": [
    [
     -0.16334463936018848,
     0.12185424200518133,
     -0.9790148479454402
    ],
    [
     0.2190322622738069,
     0.9720566630624088,
     0.08444354255473141
    ],
    [
     0.9619477100526351,
     -0.20064243694023745,
     -0.18547025535965259
    ]
   ],
   "T": [
    -93.85932566183838,
    -33.02967411489943,
    117.90013738806083
   ],
   "C": [
    -121.51062063260662,
    67.19964266693808,
    -67.23356216109406
   ],
   "n_crops": 1,
   "ref_yaw": 0.0,
   "ref_pitch": 0.0
  },
  {
   "idx": 17,
   "image": "data/8kpano/scenes/scene_023hf_pano/panoramas/pano_0017.jpg",
   "R_wp": [
    [
     -0.23291406861828445,
     0.12128604111053491,
     -0.964904520080309
    ],
    [
     0.1881991889429295,
     0.9790575289951047,
     0.07763646178969626
    ],
    [
     0.9541132542423362,
     -0.16351162389791488,
     -0.2508622070567156
    ]
   ],
   "T": [
    -110.63642516443134,
    -42.24196323961009,
    119.84306522711151
   ],
   "C": [
    -132.16273366359428,
    74.37170036827925,
    -73.40997431839776
   ],
   "n_crops": 1,
   "ref_yaw": 0.0,
   "ref_pitch": 0.0
  },
  {
   "idx": 18,
   "image": "data/8kpano/scenes/scene_023hf_pano/panoramas/pano_0018.jpg",
   "R_wp": [
    [
     -0.2200841239161673,
     0.16344025896113307,
     -0.9616913538920746
    ],
    [
     0.19299672822092473,
     0.9736716269910435,
     0.12130880301376555
    ],
    [
     0.9561983273861504,
     -0.1589051432249183,
     -0.2458331022474326
    ]
   ],
   "T": [
    -121.64677325760373,
    -41.89941320039361,
    130.0354628555759
   ],
   "C": [
    -143.02576594096132,
    81.34155379319009,
    -79.93686117242117
   ],
   "n_crops": 1,
   "ref_yaw": 0.0,
   "ref_pitch": 0.0
  },
  {
   "idx": 19,
   "image": "data/8kpano/scenes/scene_023hf_pano/panoramas/pano_0019.jpg",
   "R_wp": [
    [
     -0.23601363054340566,
     0.16749172942978202,
     -0.9572063971632983
    ],
    [
     0.19560619420465825,
     0.9730598157947338,
     0.1220361080757977
    ],
    [
     0.9518591192957551,
     -0.15843331549310907,
     -0.26241779961612893
    ]
   ],
   "T": [
    -132.11342802265773,
    -42.39398608657513,
    135.4600609271294
   ],
   "C": [
    -151.82693780944885,
    84.84117740220293,
    -85.73909026227172
   ],
   "n_crops": 1,
   "ref_yaw": 0.0,
   "ref_pitch": 0.0
  },
  {
   "idx": 20,
   "image": "data/8kpano/scenes/scene_023hf_pano/panoramas/pano_0020.jpg",
   "R_wp": [
    [
     -0.5178466804612393,
     0.3466212203111486,
     -0.7821052008299686
    ],
    [
     0.14415957719522693,
     0.9365202835813071,
     0.31960565505585276
    ],
    [
     0.8432394866455012,
     0.052758772453476654,
     -0.5349426886041473
    ]
   ],
   "T": [
    -177.43028109060876,
    -30.086819403993726,
    78.70539420957712
   ],
   "C": [
    -153.91187512116306,
    85.5256172081004,
    -87.0503528154073
   ],
   "n_crops": 1,
   "ref_yaw": 0.0,
   "ref_pitch": 0.0
  },
  {
   "idx": 21,
   "image": "data/8kpano/scenes/scene_023hf_pano/panoramas/pano_0021.jpg",
   "R_wp": [
    [
     -0.9747931965020059,
     -0.1434119120612525,
     -0.1709129823399554
    ],
    [
     -0.17564665514205205,
     0.9656425322158264,
     0.1915274197424884
    ],
    [
     0.1375735315778849,
     0.21671991937692744,
     -0.9664915933180418
    ]
   ],
   "T": [
    -152.72899653509177,
    -93.13850746610564,
    -81.32564672116872
   ],
   "C": [
    -154.05039760504368,
    85.66023437676719,
    -86.86534415111402
   ],
   "n_crops": 1,
   "ref_yaw": 0.0,
   "ref_pitch": 0.0
  },
  {
   "idx": 22,
   "image": "data/8kpano/scenes/scene_023hf_pano/panoramas/pano_0022.jpg",
   "R_wp": [
    [
     -0.8558057725963336,
     0.053285492201100515,
     -0.514545562522581
    ],
    [
     -0.007787042209552661,
     0.9932408594626503,
     0.11581000417719621
    ],
    [
     0.5172386698270145,
     0.10311765811335136,
     -0.8496063247297533
    ]
   ],
   "T": [
    -181.07707407321453,
    -76.3886255612213,
    -2.910131821556467
   ],
   "C": [
    -154.05641401588267,
    85.82117110216446,
    -86.79830429500154
   ],
   "n_crops": 1,
   "ref_yaw": 0.0,
   "ref_pitch": 0.0
  },
  {
   "idx": 23,
   "image": "data/8kpano/scenes/scene_023hf_pano/panoramas/pano_0023.jpg",
   "R_wp": [
    [
     -0.8091017068089972,
     0.10249007471054575,
     -0.5786624340879531
    ],
    [
     0.03834911451024359,
     0.9917840985653468,
     0.1220395315018987
    ],
    [
     0.5864160412668195,
     0.0765512012887415,
     -0.8063846105464831
    ]
   ],
   "T": [
    -183.71714071319798,
    -68.96369426506894,
    13.81768103790411
   ],
   "C": [
    -154.10406532643194,
    86.16851874524487,
    -86.75154554762305
   ],
   "n_crops": 1,
   "ref_yaw": 0.0,
   "ref_pitch": 0.0
  },
  {
   "idx": 24,
   "image": "data/8kpano/scenes/scene_023hf_pano/panoramas/pano_0024.jpg",
   "R_wp": [
    [
     -0.8236592442140493,
     0.4060894555512386,
     -0.39582420783832817
    ],
    [
     0.47413963866371994,
     0.8760561302071674,
     -0.08784793551517955
    ],
    [
     0.3110901034565036,
     -0.26003271105101544,
     -0.9141148378157317
    ]
   ],
   "T": [
    -196.30433256480683,
    -10.172624393526451,
    -8.861834746349684
   ],
   "C": [
    -154.1078046540074,
    86.32454257985607,
    -86.69638561634822
   ],
   "n_crops": 1,
   "ref_yaw": 0.0,
   "ref_pitch": 0.0
  },
  {
   "idx": 25,
   "image": "data/8kpano/scenes/scene_023hf_pano/panoramas/pano_0025.jpg",
   "R_wp": [
    [
     -0.7044852087885521,
     0.05530665876264893,
     -0.7075604314082736
    ],
    [
     0.04901200664067796,
     0.9983701269913876,
     0.029238890817784816
    ],
    [
     0.7080243031162168,
     -0.014080590460350576,
     -0.70604767768833
    ]
   ],
   "T": [
    -174.66275722268588,
    -76.25424855483975,
    49.166142198355026
   ],
   "C": [
    -154.12077881996146,
    86.48226563839708,
    -86.6412256835122
   ],
   "n_crops": 1,
   "ref_yaw": 0.0,
   "ref_pitch": 0.0
  },
  {
   "idx": 26,
   "image": "data/8kpano/scenes/scene_023hf_pano/panoramas/pano_0026.jpg",
   "R_wp": [
    [
     -0.806746173387565,
     0.32390512358092055,
     -0.49421258851080524
    ],
    [
     0.4301452285742167,
     0.8953602696051967,
     -0.11534760486175849
    ],
    [
     0.4051366362838052,
     -0.3056394256808802,
     -0.8616547147263259
    ]
   ],
   "T": [
    -195.23321452645814,
    -21.191100372267645,
    14.287002003001444
   ],
   "C": [
    -154.1765859580813,
    86.57737890773605,
    -86.62059235154162
   ],
   "n_crops": 1,
   "ref_yaw": 0.0,
   "ref_pitch": 0.0
  },
  {
   "idx": 27,
   "image": "data/8kpano/scenes/scene_023hf_pano/panoramas/pano_0027.jpg",
   "R_wp": [
    [
     -0.7769934235720815,
     0.24855256106655427,
     -0.5783622084066292
    ],
    [
     0.2184327802035487,
     0.9681198747160568,
     0.12260109588545444
    ],
    [
     0.5903967651150237,
     -0.031073019921196154,
     -0.8065148028242833
    ]
   ],
   "T": [
    -191.37303209391715,
    -39.47727530369205,
    23.889875750787077
   ],
   "C": [
    -154.17696174884063,
    86.52732265227573,
    -86.57543382586353
   ],
   "n_crops": 1,
   "ref_yaw": 0.0,
   "ref_pitch": 0.0
  },
  {
   "idx": 28,
   "image": "data/8kpano/scenes/scene_023hf_pano/panoramas/pano_0028.jpg",
   "R_wp": [
    [
     -0.7715954614032424,
     -0.022143244403445058,
     -0.6357280241339117
    ],
    [
     -0.041362896687158895,
     0.9990254145206797,
     0.015405580788516256
    ],
    [
     0.6347673232922163,
     0.038182428800082664,
     -0.7717593844012277
    ]
   ],
   "T": [
    -172.06788351188723,
    -91.6968572692677,
    27.724233033001568
   ],
   "C": [
    -154.15808279748788,
    86.73877109126707,
    -86.57929524065584
   ],
   "n_crops": 1,
   "ref_yaw": 0.0,
   "ref_pitch": 0.0
  },
  {
   "idx": 29,
   "image": "data/8kpano/scenes/scene_023hf_pano/panoramas/pano_0029.jpg",
   "R_wp": [
    [
     -0.8023791418491241,
     -0.08575970681321113,
     -0.5906208474247892
    ],
    [
     -0.03813139399925037,
     0.9949665647828937,
     -0.0926689363044691
    ],
    [
     0.5955952564595673,
     -0.051834425350725334,
     -0.8016105555888241
    ]
   ],
   "T": [
    -167.3861863552258,
    -100.47453305314995,
    26.889138073146032
   ],
   "C": [
    -154.15346165849604,
    87.00759375385009,
    -86.6180224259315
   ],
   "n_crops": 1,
   "ref_yaw": 0.0,
   "ref_pitch": 0.0
  },
  {
   "idx": 30,
   "image": "data/8kpano/scenes/scene_023hf_pano/panoramas/pano_0030.jpg",
   "R_wp": [
    [
     -0.4773570898928587,
     -0.257406453629812,
     -0.8401619643608879
    ],
    [
     -0.5442546573526521,
     0.8372623569084202,
     0.05271255689211334
    ],
    [
     0.6898674341342464,
     0.4824247747927972,
     -0.5397677833912943
    ]
   ],
   "T": [
    -123.9654427572671,
    -152.31414263088925,
    17.57186458628541
   ],
   "C": [
    -154.19572164452154,
    87.14029024109783,
    -86.63745559311718
   ],
   "n_crops": 1,
   "ref_yaw": 0.0,
   "ref_pitch": 0.0
  },
  {
   "idx": 31,
   "image": "data/8kpano/scenes/scene_023hf_pano/panoramas/pano_0031.jpg",
   "R_wp": [
    [
     -0.7693543463876292,
     0.05586986275266218,
     -0.6363744559066328
    ],
    [
     -0.023892508330460246,
     0.9929547158824035,
     0.11606067487557527
    ],
    [
     0.6383753110358691,
     0.10449636664924675,
     -0.7625991552689815
    ]
   ],
   "T": [
    -178.57189636852647,
    -80.04374131549062,
    23.29563005789301
   ],
   "C": [
    -154.1688654539727,
    87.02228905782499,
    -86.58343495148682
   ],
   "n_crops": 1,
   "ref_yaw": 0.0,
   "ref_pitch": 0.0
  },
  {
   "idx": 32,
   "image": "data/8kpano/scenes/scene_023hf_pano/panoramas/pano_0032.jpg",
   "R_wp": [
    [
     -0.8294223500117652,
     0.15615795897001875,
     -0.5363518035313013
    ],
    [
     0.2173486059894869,
     0.9746901994499716,
     -0.05233162113484974
    ],
    [
     0.5146048472132653,
     -0.15998033299906808,
     -0.8423705504575285
    ]
   ],
   "T": [
    -187.90369271696602,
    -55.883187136669484,
    20.343159767407446
   ],
   "C": [
    -154.17407819073145,
    87.06595742759451,
    -86.57046356466371
   ],
   "n_crops": 1,
   "ref_yaw": 0.0,
   "ref_pitch": 0.0
  },
  {
   "idx": 33,
   "image": "data/8kpano/scenes/scene_023hf_pano/panoramas/pano_0033.jpg",
   "R_wp": [
    [
     -0.746089583571724,
     -0.026549247293085013,
     -0.6653160683118533
    ],
    [
     0.01697725494498051,
     0.9981213924020745,
     -0.05886814795691121
    ],
    [
     0.6656291055086945,
     -0.05521615250553304,
     -0.7442372406714013
    ]
   ],
   "T": [
    -170.367548594386,
    -89.57144115612738,
    43.007725158392354
   ],
   "C": [
    -154.21596981976845,
    87.25476249912717,
    -86.61322175000215
   ],
   "n_crops": 1,
   "ref_yaw": 0.0,
   "ref_pitch": 0.0
  },
  {
   "idx": 34,
   "image": "data/8kpano/scenes/scene_023hf_pano/panoramas/pano_0034.jpg",
   "R_wp": [
    [
     -0.8739574019964005,
     -0.20503736412044868,
     -0.4406337921792212
    ],
    [
     -0.2568884557600267,
     0.9645332837982995,
     0.060694857628119984
    ],
    [
     0.4125612448993859,
     0.16623845451581776,
     -0.8956327346894271
    ]
   ],
   "T": [
    -155.0595348498954,
    -118.71304640403427,
    -28.50891689773863
   ],
   "C": [
    -154.24976515542147,
    87.44896445541767,
    -86.65271860851747
   ],
   "n_crops": 1,
   "ref_yaw": 0.0,
   "ref_pitch": 0.0
  },
  {
   "idx": 35,
   "image": "data/8kpano/scenes/scene_023hf_pano/panoramas/pano_0035.jpg",
   "R_wp": [
    [
     -0.845044162318433,
     -0.2233465994280848,
     -0.4858154590535885
    ],
    [
     -0.2695713593850913,
     0.9626198076070109,
     0.026351246686162837
    ],
    [
     0.4617701223886319,
     0.15322990088932276,
     -0.8736640953722642
    ]
   ],
   "T": [
    -152.91519887726687,
    -123.67039063250728,
    -17.90236435047544
   ],
   "C": [
    -154.29131448232184,
    87.63765548234913,
    -86.67035152278159
   ],
   "n_crops": 1,
   "ref_yaw": 0.0,
   "ref_pitch": 0.0
  },
  {
   "idx": 36,
   "image": "data/8kpano/scenes/scene_023hf_pano/panoramas/pano_0036.jpg",
   "R_wp": [
    [
     -0.9031473669342179,
     -0.08389435820382862,
     -0.42105411797221187
    ],
    [
     -0.0740749998365043,
     0.9964639207841424,
     -0.03965537762669923
    ],
    [
     0.4228920997122213,
     -0.004625066168384549,
     -0.9061682408713776
    ]
   ],
   "T": [
    -168.51499618420056,
    -102.37919131329235,
    -12.892559484425986
   ],
   "C": [
    -154.3254521214504,
    87.8200839894637,
    -86.69664652440575
   ],
   "n_crops": 1,
   "ref_yaw": 0.0,
   "ref_pitch": 0.0
  },
  {
   "idx": 37,
   "image": "data/8kpano/scenes/scene_023hf_pano/panoramas/pano_0037.jpg",
   "R_wp": [
    [
     -0.8619691635076834,
     0.05255604616333597,
     -0.5042291375689654
    ],
    [
     0.1369134553745967,
     0.9817865942756765,
     -0.1317185979197933
    ],
    [
     0.48812279899555333,
     -0.18257312319244917,
     -0.8534653992919115
    ]
   ],
   "T": [
    -181.38559934691213,
    -76.57471484736799,
    17.404493963702713
   ],
   "C": [
    -154.36021484598376,
    87.89053125080653,
    -86.69208501172142
   ],
   "n_crops": 1,
   "ref_yaw": 0.0,
   "ref_pitch": 0.0
  },
  {
   "idx": 38,
   "image": "data/8kpano/scenes/scene_023hf_pano/panoramas/pano_0038.jpg",
   "R_wp": [
    [
     -0.8597325615821825,
     0.08037932647460055,
     -0.5043799028815775
    ],
    [
     0.21494483944098652,
     0.9527692313872278,
     -0.21454488509279238
    ],
    [
     0.46331267903331563,
     -0.2928650808773224,
     -0.8364038533206863
    ]
   ],
   "T": [
    -183.52015294650994,
    -69.21300255349564,
    24.800401715636735
   ],
   "C": [
    -154.39161403354115,
    87.95841718749251,
    -86.67002104088016
   ],
   "n_crops": 1,
   "ref_yaw": 0.0,
   "ref_pitch": 0.0
  },
  {
   "idx": 39,
   "image": "data/8kpano/scenes/scene_023hf_pano/panoramas/pano_0039.jpg",
   "R_wp": [
    [
     -0.7257193153802648,
     -0.014243546508317672,
     -0.6878434390665265
    ],
    [
     0.1162498297023777,
     0.9828712283362697,
     -0.1430039356203893
    ],
    [
     0.6780984090662421,
     -0.1837424009084938,
     -0.7116328250792079
    ]
   ],
   "T": [
    -170.44200161246104,
    -80.90746960931979,
    59.20218223401703
   ],
   "C": [
    -154.43247874464006,
    87.97187656225422,
    -86.67728293166967
   ],
   "n_crops": 1,
   "ref_yaw": 0.0,
   "ref_pitch": 0.0
  },
  {
   "idx": 40,
   "image": "data/8kpano/scenes/scene_023hf_pano/panoramas/pano_0040.jpg",
   "R_wp": [
    [
     -0.34183263899115507,
     -0.17330835208603307,
     -0.9236420637982914
    ],
    [
     -0.5081311829282328,
     0.860871141312392,
     0.026525063458059012
    ],
    [
     0.7905397825892746,
     0.47839846692137633,
     -0.3823372320229615
    ]
   ],
   "T": [
    -117.64252262975707,
    -151.9173592420768,
    46.87847517737236
   ],
   "C": [
    -154.46730100195302,
    87.96624804721762,
    -86.70657835713548
   ],
   "n_crops": 1,
   "ref_yaw": 0.0,
   "ref_pitch": 0.0
  },
  {
   "idx": 41,
   "image": "data/8kpano/scenes/scene_023hf_pano/panoramas/pano_0041.jpg",
   "R_wp": [
    [
     -0.20278418860260802,
     -0.10196990034716825,
     -0.9738997444685832
    ],
    [
     -0.5618151461771334,
     0.8267032225167833,
     0.030422416181691815
    ],
    [
     0.8020238864140823,
     0.553320812281225,
     -0.22493057666243968
    ]
   ],
   "T": [
    -106.80797731630545,
    -156.83857650033926,
    55.70862598447811
   ],
   "C": [
    -154.45290551798402,
    87.9430156237469,
    -86.71828000015779
   ],
   "n_crops": 1,
   "ref_yaw": 0.0,
   "ref_pitch": 0.0
  },
  {
   "idx": 42,
   "image": "data/8kpano/scenes/scene_023hf_pano/panoramas/pano_0042.jpg",
   "R_wp": [
    [
     -0.20576562635090148,
     -0.03784662374604547,
     -0.9778691835227485
    ],
    [
     -0.5380919278778769,
     0.8390088290834158,
     0.08075433036528251
    ],
    [
     0.8173845999069784,
     0.5427999795422811,
     -0.19300413996546364
    ]
   ],
   "T": [
    -113.25438680229938,
    -149.82650799435663,
    61.77859193444303
   ],
   "C": [
    -154.42116402240705,
    87.8860484349399,
    -86.72531142409656
   ],
   "n_crops": 1,
   "ref_yaw": 0.0,
   "ref_pitch": 0.0
  },
  {
   "idx": 43,
   "image": "data/8kpano/scenes/scene_023hf_pano/panoramas/pano_0043.jpg",
   "R_wp": [
    [
     -0.3784682962051187,
     -0.08597435022416018,
     -0.9216128036605874
    ],
    [
     -0.4396360418877553,
     0.8928961765887642,
     0.09724488935894941
    ],
    [
     0.8145439825085337,
     0.44197831274475446,
     -0.37573031767803605
    ]
   ],
   "T": [
    -130.85185651585118,
    -137.8521243499576,
    54.34304965552714
   ],
   "C": [
    -154.39284559393695,
    87.81928203098637,
    -86.7710004567942
   ],
   "n_crops": 1,
   "ref_yaw": 0.0,
   "ref_pitch": 0.0
  },
  {
   "idx": 44,
   "image": "data/8kpano/scenes/scene_023hf_pano/panoramas/pano_0044.jpg",
   "R_wp": [
    [
     -0.6610589152263524,
     -0.14272403032812175,
     -0.7366348904081699
    ],
    [
     -0.09782055751335615,
     0.9897569555819503,
     -0.10398224562359366
    ],
    [
     0.7439302716838017,
     0.0033196451687841407,
     -0.6682490036119914
    ]
   ],
   "T": [
    -153.3491811527898,
    -110.97225977852949,
    56.475138457663334
   ],
   "C": [
    -154.24177675995512,
    87.7614753902659,
    -86.76204702318137
   ],
   "n_crops": 1,
   "ref_yaw": 0.0,
   "ref_pitch": 0.0
  },
  {
   "idx": 45,
   "image": "data/8kpano/scenes/scene_023hf_pano/panoramas/pano_0045.jpg",
   "R_wp": [
    [
     -0.5237433820454478,
     -0.1704113538516996,
     -0.8346573190489779
    ],
    [
     -0.2304066404184516,
     0.9716064434399825,
     -0.05379311402949384
    ],
    [
     0.820125386641993,
     0.16413680131018296,
     -0.5481363522345357
    ]
   ],
   "T": [
    -135.83450805863507,
    -123.55049573032612,
    62.59535522342224
   ],
   "C": [
    -150.94531919696988,
    86.62051394049013,
    -85.71064255678733
   ],
   "n_crops": 1,
   "ref_yaw": 0.0,
   "ref_pitch": 0.0
  },
  {
   "idx": 46,
   "image": "data/8kpano/scenes/scene_023hf_pano/panoramas/pano_0046.jpg",
   "R_wp": [
    [
     -0.24953389907762638,
     -0.11747944585548026,
     -0.961213510627377
    ],
    [
     -0.06289726074843958,
     0.992484055875245,
     -0.10497301283552003
    ],
    [
     0.966321254967239,
     0.034263371622080145,
     -0.25504755157348125
    ]
   ],
   "T": [
    -105.1809445840202,
    -101.5269376004876,
    114.0011767747674
   ],
   "C": [
    -142.79373768670206,
    84.50120304084989,
    -82.68321250569663
   ],
   "n_crops": 1,
   "ref_yaw": 0.0,
   "ref_pitch": 0.0
  },
  {
   "idx": 47,
   "image": "data/8kpano/scenes/scene_023hf_pano/panoramas/pano_0047.jpg",
   "R_wp": [
    [
     -0.22628243396354497,
     -0.14266628551589267,
     -0.9635572588365636
    ],
    [
     -0.06403672043738158,
     0.9892546448692908,
     -0.13143266732497558
    ],
    [
     0.9719545043442922,
     0.03196214294491032,
     -0.23298682989218664
    ]
   ],
   "T": [
    -93.73402239213084,
    -101.34401392326977,
    112.24368150578478
   ],
   "C": [
    -136.79585284342497,
    83.29480310919304,
    -77.4867122137804
   ],
   "n_crops": 1,
   "ref_yaw": 0.0,
   "ref_pitch": 0.0
  },
  {
   "idx": 48,
   "image": "data/8kpano/scenes/scene_023hf_pano/panoramas/pano_0048.jpg",
   "R_wp": [
    [
     -0.49709583541853797,
     0.3156808322971028,
     -0.8082334703102533
    ],
    [
     -0.21334364571314232,
     0.8584101872572998,
     0.46649377192703495
    ],
    [
     0.8410589867799828,
     0.4043235864169885,
     -0.3593636295224282
    ]
   ],
   "T": [
    -147.75522095660014,
    -68.32955926017122,
    54.67671904158869
   ],
   "C": [
    -134.01252819898127,
    83.19119375114498,
    -67.89657695165859
   ],
   "n_crops": 1,
   "ref_yaw": 0.0,
   "ref_pitch": 0.0
  },
  {
   "idx": 49,
   "image": "data/8kpano/scenes/scene_023hf_pano/panoramas/pano_0049.jpg",
   "R_wp": [
    [
     0.05689828999092455,
     -0.0741285901367948,
     -0.9956241945234359
    ],
    [
     0.11278657445725557,
     0.9913331140934009,
     -0.06736353259797313
    ],
    [
     0.9919887969217732,
     -0.10846017253449017,
     0.06476586875416736
    ]
   ],
   "T": [
    -39.74480513794833,
    -72.26372510836339,
    143.2696663337989
   ],
   "C": [
    -131.71011448098415,
    84.23025000704826,
    -53.717813810177105
   ],
   "n_crops": 1,
   "ref_yaw": 0.0,
   "ref_pitch": 0.0
  },
  {
   "idx": 50,
   "image": "data/8kpano/scenes/scene_023hf_pano/panoramas/pano_0050.jpg",
   "R_wp": [
    [
     -0.11772998935807238,
     -0.05034397701357763,
     -0.9917686895562923
    ],
    [
     0.07001185363035273,
     0.9958081385748192,
     -0.05885993118748408
    ],
    [
     0.9905745756665625,
     -0.07636514340070133,
     -0.11371180640725119
    ]
   ],
   "T": [
    -47.81098473238745,
    -79.4126414638461,
    130.14097706524225
   ],
   "C": [
    -128.98330362641062,
    86.61099393495287,
    -37.29309469672079
   ],
   "n_crops": 1,
   "ref_yaw": 0.0,
   "ref_pitch": 0.0
  },
  {
   "idx": 51,
   "image": "data/8kpano/scenes/scene_023hf_pano/panoramas/pano_0051.jpg",
   "R_wp": [
    [
     -0.10273024258770971,
     -0.04638551533631945,
     -0.9936271339012713
    ],
    [
     0.0951190902418462,
     0.993876443299232,
     -0.056231433615300225
    ],
    [
     0.9901509258337509,
     -0.1002895778326567,
     -0.09768902010315046
    ]
   ],
   "T": [
    -28.84551348948364,
    -78.22626414880222,
    131.42512020308615
   ],
   "C": [
    -125.653199966387,
    89.58979699822096,
    -20.22166866434415
   ],
   "n_crops": 1,
   "ref_yaw": 0.0,
   "ref_pitch": 0.0
  },
  {
   "idx": 52,
   "image": "data/8kpano/scenes/scene_023hf_pano/panoramas/pano_0052.jpg",
   "R_wp": [
    [
     -0.11460023681067043,
     -0.07406168209390872,
     -0.9906470880027659
    ],
    [
     0.08645106038305285,
     0.9926902842150319,
     -0.08421528236445378
    ],
    [
     0.9896428648161842,
     -0.09529358252526647,
     -0.1073598306999237
    ]
   ],
   "T": [
    -10.068521824358468,
    -81.70026147927985,
    129.38138474192442
   ],
   "C": [
    -122.13214499683146,
    92.68657978993535,
    -2.9643988539056227
   ],
   "n_crops": 1,
   "ref_yaw": 0.0,
   "ref_pitch": 0.0
  },
  {
   "idx": 53,
   "image": "data/8kpano/scenes/scene_023hf_pano/panoramas/pano_0053.jpg",
   "R_wp": [
    [
     -0.09404023552881263,
     -0.04959872598640334,
     -0.9943321379107746
    ],
    [
     0.09450685030894666,
     0.9938032914819771,
     -0.05851045277786314
    ],
    [
     0.9910725953967084,
     -0.09947353527503636,
     -0.08877007622796294
    ]
   ],
   "T": [
    7.87553956546139,
    -83.20980541884376,
    128.063130207156
   ],
   "C": [
    -118.315344608425,
    95.82368753781728,
    14.330432533192461
   ],
   "n_crops": 1,
   "ref_yaw": 0.0,
   "ref_pitch": 0.0
  },
  {
   "idx": 54,
   "image": "data/8kpano/scenes/scene_023hf_pano/panoramas/pano_0054.jpg",
   "R_wp": [
    [
     -0.12276680012346179,
     -0.06361701133538185,
     -0.9903944611397021
    ],
    [
     0.10009507935461434,
     0.9920609638121086,
     -0.07613159113786565
    ],
    [
     0.9873749479688251,
     -0.1084800440124524,
     -0.11542440025669173
    ]
   ],
   "T": [
    20.713591249384667,
    -81.61737864674795,
    126.49938849243507
   ],
   "C": [
    -114.18988782169207,
    96.00981132462687,
    28.902081192401297
   ],
   "n_crops": 1,
   "ref_yaw": 0.0,
   "ref_pitch": 0.0
  },
  {
   "idx": 55,
   "image": "data/8kpano/scenes/scene_023hf_pano/panoramas/pano_0055.jpg",
   "R_wp": [
    [
     -0.8284464174970394,
     -0.17838311291041717,
     -0.5309011191970789
    ],
    [
     -0.1696195860808944,
     0.9833164268489636,
     -0.06571149600132747
    ],
    [
     0.5337656127497045,
     0.035612774637421164,
     -0.8448822408647001
    ]
   ],
   "T": [
    -54.03576855202093,
    -105.27361625793881,
    88.18167156304213
   ],
   "C": [
    -109.69055004367176,
    90.73781358088335,
    38.897791458656954
   ],
   "n_crops": 1,
   "ref_yaw": 0.0,
   "ref_pitch": 0.0
  },
  {
   "idx": 56,
   "image": "data/8kpano/scenes/scene_023hf_pano/panoramas/pano_0056.jpg",
   "R_wp": [
    [
     -0.7043323219025186,
     -0.33571869924704706,
     -0.6254669737878077
    ],
    [
     -0.293092034840815,
     0.9400233446387745,
     -0.17450836841539158
    ],
    [
     0.6465392791132473,
     0.06040750375576201,
     -0.7604853016684284
    ]
   ],
   "T": [
    -16.846238772040028,
    -100.43200640525991,
    98.46422578341726
   ],
   "C": [
    -104.96216114655319,
    82.80485511328081,
    46.81760488952948
   ],
   "n_crops": 1,
   "ref_yaw": 0.0,
   "ref_pitch": 0.0
  },
  {
   "idx": 57,
   "image": "data/8kpano/scenes/scene_023hf_pano/panoramas/pano_0057.jpg",
   "R_wp": [
    [
     -0.5272917704351527,
     -0.11424189169653354,
     -0.8419692268800327
    ],
    [
     -0.18469668567683875,
     0.982636888898141,
     -0.0176600927679671
    ],
    [
     0.8293675440547172,
     0.14619690406496164,
     -0.5392364436037934
    ]
   ],
   "T": [
    1.7336157267345036,
    -91.06283482488308,
    101.74595150740197
   ],
   "C": [
    -100.28967239389357,
    74.80480913513954,
    54.71659802435966
   ],
   "n_crops": 1,
   "ref_yaw": 0.0,
   "ref_pitch": 0.0
  },
  {
   "idx": 58,
   "image": "data/8kpano/scenes/scene_023hf_pano/panoramas/pano_0058.jpg",
   "R_wp": [
    [
     -0.5281105781679768,
     -0.10065136139163251,
     -0.8431894927459053
    ],
    [
     -0.1888487017837312,
     0.9820056245838249,
     0.0010588296988476244
    ],
    [
     0.82791025181579,
     0.1597944202271868,
     -0.5376154370947439
    ]
   ],
   "T": [
    8.295623715108645,
    -84.53663859509714,
    101.93891685544837
   ],
   "C": [
    -95.97990213901768,
    67.56115028681009,
    61.888227998145204
   ],
   "n_crops": 1,
   "ref_yaw": 0.0,
   "ref_pitch": 0.0
  },
  {
   "idx": 59,
   "image": "data/8kpano/scenes/scene_023hf_pano/panoramas/pano_0059.jpg",
   "R_wp": [
    [
     -0.5146806697835313,
     -0.09196069973094564,
     -0.852435943550113
    ],
    [
     -0.16793486236592967,
     0.9857856593104053,
     -0.004951353358983031
    ],
    [
     0.8407744585519425,
     0.14060534699272306,
     -0.5228082308492705
    ]
   ],
   "T": [
    13.346418087392763,
    -78.45334933871597,
    104.08989588710757
   ],
   "C": [
    -93.82203487812404,
    63.92993671955089,
    65.40757055859264
   ],
   "n_crops": 1,
   "ref_yaw": 0.0,
   "ref_pitch": 0.0
  },
  {
   "idx": 60,
   "image": "data/8kpano/scenes/scene_023hf_pano/panoramas/pano_0060.jpg",
   "R_wp": [
    [
     -0.6831511040191831,
     -0.19623828045931552,
     -0.7034167373326732
    ],
    [
     -0.34943301873324933,
     0.9336332491478293,
     0.07890197402242484
    ],
    [
     0.6412496662738624,
     0.29969900461636134,
     -0.7063847196362777
    ]
   ],
   "T": [
    -5.481761041951008,
    -97.26203257107845,
    87.44478115399593
   ],
   "C": [
    -93.80537348961258,
    63.52422225654854,
    65.58786111944596
   ],
   "n_crops": 1,
   "ref_yaw": 0.0,
   "ref_pitch": 0.0
  },
  {
   "idx": 61,
   "image": "data/8kpano/scenes/scene_023hf_pano/panoramas/pano_0061.jpg",
   "R_wp": [
    [
     -0.7525951457830302,
     0.11496080596419482,
     -0.6483706961575938
    ],
    [
     0.30411003691582367,
     0.9340255225764661,
     -0.18738572150197447
    ],
    [
     0.5840527647318143,
     -0.338201620735061,
     -0.7379038092741507
    ]
   ],
   "T": [
    -35.59783211429075,
    -18.48517344904259,
    124.67843987110896
   ],
   "C": [
    -93.98801637880119,
    63.524429696223464,
    65.4562469617676
   ],
   "n_crops": 1,
   "ref_yaw": 0.0,
   "ref_pitch": 0.0
  },
  {
   "idx": 62,
   "image": "data/8kpano/scenes/scene_023hf_pano/panoramas/pano_0062.jpg",
   "R_wp": [
    [
     -0.5259273417460629,
     -0.07618123078380709,
     -0.8471108848788245
    ],
    [
     0.024284515051226196,
     0.9942295371942025,
     -0.10448870608505312
    ],
    [
     0.8501827412578118,
     -0.07552514446769514,
     -0.5210424733363751
    ]
   ],
   "T": [
    10.768499329934693,
    -54.178972803869904,
    118.82367713718736
   ],
   "C": [
    -94.0426812471247,
    63.66086797106671,
    65.37320485738728
   ],
   "n_crops": 1,
   "ref_yaw": 0.0,
   "ref_pitch": 0.0
  },
  {
   "idx": 63,
   "image": "data/8kpano/scenes/scene_023hf_pano/panoramas/pano_0063.jpg",
   "R_wp": [
    [
     -0.3932919825654958,
     -0.07778582899339292,
     -0.9161172311759632
    ],
    [
     0.008967083754142707,
     0.9960427623871061,
     -0.08842175583649584
    ],
    [
     0.9193698971897266,
     -0.04299046759542599,
     -0.3910381206957691
    ]
   ],
   "T": [
    28.48801291049975,
    -56.5018528696434,
    114.10595644962663
   ],
   "C": [
    -93.19481752596036,
    63.3996937360799,
    65.72214524077808
   ],
   "n_crops": 1,
   "ref_yaw": 0.0,
   "ref_pitch": 0.0
  },
  {
   "idx": 64,
   "image": "data/8kpano/scenes/scene_023hf_pano/panoramas/pano_0064.jpg",
   "R_wp": [
    [
     -0.448321407125364,
     0.016504838540735076,
     -0.8937200379413446
    ],
    [
     0.16662746996913866,
     0.9838475044657912,
     -0.0654169260063381
    ],
    [
     0.8782045332180981,
     -0.17824611709986626,
     -0.44383005708717327
    ]
   ],
   "T": [
    20.024719710112738,
    -41.723272276033114,
    118.88532272677139
   ],
   "C": [
    -88.47587553582954,
    61.9096796974945,
    67.93196461651311
   ],
   "n_crops": 1,
   "ref_yaw": 0.0,
   "ref_pitch": 0.0
  },
  {
   "idx": 65,
   "image": "data/8kpano/scenes/scene_023hf_pano/panoramas/pano_0065.jpg",
   "R_wp": [
    [
     0.08605526588486066,
     -0.03530440639260377,
     -0.9956646474103379
    ],
    [
     0.16995147546191477,
     0.9852444338817957,
     -0.020246024134576327
    ],
    [
     0.9816878257377977,
     -0.16747239890264182,
     0.0907855076760068
    ]
   ],
   "T": [
    80.8888451503148,
    -43.262913918909724,
    80.00868851991014
   ],
   "C": [
    -78.15187049647236,
