{
 "scene_dir": "data/8kpano/scenes/scene_023hf_pano",
 "point_cloud": "/w/p3_pano/gps_init_023.ply",
 "cameras_extent": 316.81585864965865,
 "cameras": [
  {
   "idx": 1,
   "image": "data/8kpano/scenes/scene_023hf_pano/panoramas/pano_0001.jpg",
   "R_wp": [
    [
     0.10013072782669874,
     -0.9898451561327638,
     -0.10089797136673528
    ],
    [
     0.17690199312751054,
     -0.08208091008806884,
     0.9807998800460288
    ],
    [
     -0.9791218098750187,
     -0.11605725634916009,
     0.16688676203737574
    ]
   ],
   "T": [
    0.0,
    0.0,
    0.0
   ],
   "C": [
    0.0,
    0.0,
    0.0
   ],
   "n_crops": 1,
   "ref_yaw": 0.0,
   "ref_pitch": 0.0
  },
  {
   "idx": 2,
   "image": "data/8kpano/scenes/scene_023hf_pano/panoramas/pano_0002.jpg",
   "R_wp": [
    [
     0.5186371422687439,
     -0.8532641227287103,
     -0.054367725700672165
    ],
    [
     -0.06604106943012461,
     -0.10337766417647187,
     0.9924472939579367
    ],
    [
     -0.8524400799366397,
     -0.5111295246803007,
     -0.10996597054471535
    ]
   ],
   "T": [
    0.016769687115972258,
    0.119538069371101,
    0.03416239163495243
   ],
   "C": [
    0.02831843112140464,
    0.04412794611204426,
    -0.11396680366794931
   ],
   "n_crops": 1,
   "ref_yaw": 0.0,
   "ref_pitch": 0.0
  },
  {
   "idx": 3,
   "image": "data/8kpano/scenes/scene_023hf_pano/panoramas/pano_0003.jpg",
   "R_wp": [
    [
     0.43874221452025464,
     -0.8963542710443075,
     -0.0636732890108555
    ],
    [
     -0.03921572741835311,
     -0.08988850267828896,
     0.9951794709748343
    ],
    [
     -0.8977568677965551,
     -0.43413024947281614,
     -0.07458906433541812
    ]
   ],
   "T": [
    -0.03956967138252752,
    -0.0009146041061675563,
    0.03336977033048558
   ],
   "C": [
    0.04728295894430269,
    -0.021063829627113742,
    0.000879684172897105
   ],
   "n_crops": 1,
   "ref_yaw": 0.0,
   "ref_pitch": 0.0
  },
  {
   "idx": 4,
   "image": "data/8kpano/scenes/scene_023hf_pano/panoramas/pano_0004.jpg",
   "R_wp": [
    [
     0.18865091423857927,
     -0.9779244209892095,
     -0.08985909049434715
    ],
    [
     0.113667054301609,
     -0.06914322348122193,
     0.991109989424205
    ],
    [
     -0.975443811850763,
     -0.19718782214673464,
     0.09811385789752736
    ]
   ],
   "T": [
    -1.5436103947106734,
    0.7977135569239174,
    -2.570172302116323
   ],
   "C": [
    -2.306528917809553,
    -1.9611845048349401,
    -0.6771597853338605
   ],
   "n_crops": 1,
   "ref_yaw": 0.0,
   "ref_pitch": 0.0
  },
  {
   "idx": 5,
   "image": "data/8kpano/scenes/scene_023hf_pano/panoramas/pano_0005.jpg",
   "R_wp": [
    [
     -0.17748270439520586,
     -0.980287812025316,
     -0.08680835515808327
    ],
    [
     0.1713949561131598,
     -0.11765058955288343,
     0.978152392690538
    ],
    [
     -0.9690839251321844,
     0.15872662001654086,
     0.1888973342959418
    ]
   ],
   "T": [
    -10.086289767575135,
    2.940605362024159,
    -8.06808078849277
   ],
   "C": [
    -10.11279437672906,
    -8.26088382787297,
    -2.227895451163975
   ],
   "n_crops": 1,
   "ref_yaw": 0.0,
   "ref_pitch": 0.0
  },
  {
   "idx": 6,
   "image": "data/8kpano/scenes/scene_023hf_pano/panoramas/pano_0006.jpg",
   "R_wp": [
    [
     0.019225536469732685,
     -0.9983616474717723,
     -0.053892445498435915
    ],
    [
     0.20580851950271611,
     -0.04879629036824773,
     0.9773749388802706
    ],
    [
     -0.9784034076619179,
     -0.02988208005747356,
     0.20453320020260346
    ]
   ],
   "T": [
    -12.675987174899221,
    4.6285649642385405,
    -17.37268083631039
   ],
   "C": [
    -17.706385672863,
    -12.948494558097835,
    -1.6536933567202057
   ],
   "n_crops": 1,
   "ref_yaw": 0.0,
   "ref_pitch": 0.0
  },
  {
   "idx": 7,
   "image": "data/8kpano/scenes/scene_023hf_pano/panoramas/pano_0007.jpg",
   "R_wp": [
    [
     -0.2511161790970382,
     -0.9653597233308691,
     -0.07086087892333598
    ],
    [
     0.023000972453339485,
     -0.07913707987171925,
     0.9965983511621067
    ],
    [
     -0.9676836336620767,
     0.24863210340456232,
     0.042076816270840034
    ]
   ],
   "T": [
    -22.138488925499956,
    -3.5636766896807353,
    -20.65670234079479
   ],
   "C": [
    -25.466517653851618,
    -16.51770528491802,
    2.8519697980385885
   ],
   "n_crops": 1,
   "ref_yaw": 0.0,
   "ref_pitch": 0.0
  },
  {
   "idx": 8,
   "image": "data/8kpano/scenes/scene_023hf_pano/panoramas/pano_0008.jpg",
   "R_wp": [
    [
     -0.19523674710577543,
     -0.9742939478947601,
     -0.1124006712357673
    ],
    [
     0.037040315250886635,
     -0.12184931145690525,
     0.9918572255401459
    ],
    [
     -0.9800564386017387,
     0.189483624373515,
     0.05987762093690485
    ]
   ],
   "T": [
    -26.458067559664684,
    -10.044786923728218,
    -31.197181944482082
   ],
   "C": [
    -35.36852419096785,
    -21.090530543545803,
    8.857102976634831
   ],
   "n_crops": 1,
   "ref_yaw": 0.0,
   "ref_pitch": 0.0
  },
  {
   "idx": 9,
   "image": "data/8kpano/scenes/scene_023hf_pano/panoramas/pano_0009.jpg",
   "R_wp": [
    [
     -0.1391467447261574,
     -0.9844251242028342,
     -0.10744930764672739
    ],
    [
     0.05061431927648952,
     -0.11543305974371654,
     0.9920248963310593
    ],
    [
     -0.988977436324866,
     0.13259856369774836,
     0.0658881446782541
    ]
   ],
   "T": [
    -30.307640099526726,
    -15.959318466764046,
    -43.26518248215217
   ],
   "C": [
    -46.197728898319966,
    -25.940934512778647,
    15.426168920002514
   ],
   "n_crops": 1,
   "ref_yaw": 0.0,
   "ref_pitch": 0.0
  },
  {
   "idx": 10,
   "image": "data/8kpano/scenes/scene_023hf_pano/panoramas/pano_0010.jpg",
   "R_wp": [
    [
     -0.1500007090482638,
     -0.9811980957915216,
     -0.12144990531123212
    ],
    [
     0.0640191744948892,
     -0.1322211881389963,
     0.989150695382266
    ],
    [
     -0.9866110317556804,
     0.14059818524191314,
     0.08264876681032507
    ]
   ],
   "T": [
    -36.410388050670534,
    -22.563563360850175,
    -53.882091581775015
   ],
   "C": [
    -57.177749563544715,
    -31.13346058151741,
    22.350014655626694
   ],
   "n_crops": 1,
   "ref_yaw": 0.0,
   "ref_pitch": 0.0
  },
  {
   "idx": 11,
   "image": "data/8kpano/scenes/scene_023hf_pano/panoramas/pano_0011.jpg",
   "R_wp": [
    [
     -0.18594000526735033,
     -0.9748566769195689,
     -0.12280378317768759
    ],
    [
     0.048206631752202855,
     -0.1338839371685534,
     0.9898238264902588
    ],
    [
     -0.9813778224274914,
     0.17812789309382698,
     0.07188893960119835
    ]
   ],
   "T": [
    -44.96571416356243,
    -30.70943579251233,
    -62.81870357073173
   ],
   "C": [
    -68.5294095121209,
    -36.756863905364064,
    29.390941463386287
   ],
   "n_crops": 1,
   "ref_yaw": 0.0,
   "ref_pitch": 0.0
  },
  {
   "idx": 12,
   "image": "data/8kpano/scenes/scene_023hf_pano/panoramas/pano_0012.jpg",
   "R_wp": [
    [
     -0.1642806706850699,
     -0.9801044191439484,
     -0.11138754040126819
    ],
    [
     0.04661403073672299,
     -0.1205091831026337,
     0.9916171965251384
    ],
    [
     -0.9853116201083881,
     0.15771131817470296,
     0.06548394964353232
    ]
   ],
   "T": [
    -50.61249908717194,
    -37.90315288182555,
    -74.73804135621864
   ],
   "C": [
    -80.18809754583039,
    -42.3861774143477,
    36.84195860914937
   ],
   "n_crops": 1,
   "ref_yaw": 0.0,
   "ref_pitch": 0.0
  },
  {
   "idx": 13,
   "image": "data/8kpano/scenes/scene_023hf_pano/panoramas/pano_0013.jpg",
   "R_wp": [
    [
     -0.10088903825900264,
     -0.9785414558514012,
     -0.17966083806950617
    ],
    [
     0.03684587035673137,
     -0.18413332165477803,
     0.9822104137899881
    ],
    [
     -0.9942151574952336,
     0.09247450621692815,
     0.05463224803348332
    ]
   ],
   "T": [
    -48.614860701884766,
    -49.561599110496196,
    -88.22671676128168
   ],
   "C": [
    -90.79490577205522,
    -48.53887686745978,
    44.76575608780777
   ],
   "n_crops": 1,
   "ref_yaw": 0.0,
   "ref_pitch": 0.0
  },
  {
   "idx": 14,
   "image": "data/8kpano/scenes/scene_023hf_pano/panoramas/pano_0014.jpg",
   "R_wp": [
    [
     -0.08353613655867065,
     -0.9839750367916148,
     -0.15752725645312093
    ],
    [
     0.026270693670819134,
     -0.16019940025885226,
     0.9867350192275335
    ],
    [
     -0.9961584011635705,
     0.07828968314437845,
     0.03923214831386135
    ]
   ],
   "T": [
    -54.14864836166515,
    -57.93137775232547,
    -98.2712339291251
   ],
   "C": [
    -100.89518709763452,
    -54.867867029148016,
    52.48842283353943
   ],
   "n_crops": 1,
   "ref_yaw": 0.0,
   "ref_pitch": 0.0
  },
  {
   "idx": 15,
   "image": "data/8kpano/scenes/scene_023hf_pano/panoramas/pano_0015.jpg",
   "R_wp": [
    [
     -0.08566288344726392,
     -0.9876429736482507,
     -0.13123727618359554
    ],
    [
     0.02469652761019414,
     -0.13378586530398473,
     0.9907024877498385
    ],
    [
     -0.9960180458108414,
     0.08162532886892987,
     0.035851837464746295
    ]
   ],
   "T": [
    -61.96816711241589,
    -64.75694943413588,
    -107.81834307306035
   ],
   "C": [
    -111.09811592237972,
    -61.06528226083047,
    59.88782326459428
   ],
   "n_crops": 1,
   "ref_yaw": 0.0,
   "ref_pitch": 0.0
  },
  {
   "idx": 16,
   "image": "data/8kpano/scenes/scene_023hf_pano/panoramas/pano_0016.jpg",
   "R_wp": [
    [
     0.021325959120671145,
     -0.9893060819301649,
     -0.14428678320925148
    ],
    [
     0.04981364556579293,
     -0.14308891142816704,
     0.9884554413676888
    ],
    [
     -0.9985308208905387,
     -0.02826720909345004,
     0.046229436581598726
    ]
   ],
   "T": [
    -54.227221154238144,
    -69.991342684496,
    -126.33920654587794
   ],
   "C": [
    -121.51062063260662,
    -67.23356216109406,
    67.19964266693808
   ],
   "n_crops": 1,
   "ref_yaw": 0.0,
   "ref_pitch": 0.0
  },
  {
   "idx": 17,
   "image": "data/8kpano/scenes/scene_023hf_pano/panoramas/pano_0017.jpg",
   "R_wp": [
    [
     0.0050856275033313025,
     -0.9883834244555562,
     -0.15189581519827355
    ],
    [
     0.051012285893981324,
     -0.1514435830746268,
     0.9871487138357702
    ],
    [
     -0.9986850750367259,
     -0.012768821451195234,
     0.04964951456192668
    ]
   ],
   "T": [
    -60.58832131765587,
    -77.79147475434324,
    -136.61882726112407
   ],
   "C": [
    -132.16273366359428,
    -73.40997431839776,
    74.37170036827925
   ],
   "n_crops": 1,
   "ref_yaw": 0.0,
   "ref_pitch": 0.0
  },
  {
   "idx": 18,
   "image": "data/8kpano/scenes/scene_023hf_pano/panoramas/pano_0018.jpg",
   "R_wp": [
    [
     0.021109472996512113,
     -0.984365617405965,
     -0.1748677142963228
    ],
    [
     0.06337689880742853,
     -0.17323738509790587,
     0.9828388333847228
    ],
    [
     -0.9977663829433221,
     -0.031829781344884345,
     0.05872909264285342
    ]
   ],
   "T": [
    -61.44388756842255,
    -84.72916114334892,
    -150.0277896115596
   ],
   "C": [
    -143.02576594096132,
    -79.93686117242117,
    81.34155379319009
   ],
   "n_crops": 1,
   "ref_yaw": 0.0,
   "ref_pitch": 0.0
  },
  {
   "idx": 19,
   "image": "data/8kpano/scenes/scene_023hf_pano/panoramas/pano_0019.jpg",
   "R_wp": [
    [
     0.020542749178733333,
     -0.9870871035791291,
     -0.15886170553697154
    ],
    [
     0.06379266388957466,
     -0.1572773549096449,
     0.9854919203308503
    ],
    [
     -0.99775171639653,
     -0.030378922813043274,
     0.05973800896789938
    ]
   ],
   "T": [
    -68.03499342662191,
    -87.40966735697518,
    -159.15849201624485
   ],
   "C": [
    -151.82693780944885,
    -85.73909026227172,
    84.84117740220293
   ],
   "n_crops": 1,
   "ref_yaw": 0.0,
   "ref_pitch": 0.0
  },
  {
   "idx": 20,
   "image": "data/8kpano/scenes/scene_023hf_pano/panoramas/pano_0020.jpg",
   "R_wp": [
    [
     0.9452774190357617,
     -0.27953751401040694,
     -0.16825391259367561
    ],
    [
     0.1864275395048572,
     0.039549355657745755,
     0.9816723573267304
    ],
    [
     -0.26775991738190313,
     -0.959319875164763,
     0.08949860398628962
    ]
   ],
   "T": [
    135.54560057599159,
    -51.82193671345343,
    -132.3749879076523
   ],
   "C": [
    -153.91187512116306,
    -87.0503528154073,
    85.5256172081004
   ],
   "n_crops": 1,
   "ref_yaw": 0.0,
   "ref_pitch": 0.0
  },
  {
   "idx": 21,
   "image": "data/8kpano/scenes/scene_023hf_pano/panoramas/pano_0021.jpg",
   "R_wp": [
    [
     0.7163633677279044,
     -0.6626468811780678,
     -0.21845511005231322
    ],
    [
     0.26398373941718467,
     -0.032413323075059175,
     0.963982343033781
    ],
    [
     -0.6458607509102163,
     -0.7482302341008134,
     0.1517082852647358
    ]
   ],
   "T": [
    71.5079281718602,
    -44.7237478848516,
    -177.48574953732137
   ],
   "C": [
    -154.05039760504368,
    -86.86534415111402,
    85.66023437676719
   ],
   "n_crops": 1,
   "ref_yaw": 0.0,
   "ref_pitch": 0.0
  },
  {
   "idx": 22,
   "image": "data/8kpano/scenes/scene_023hf_pano/panoramas/pano_0022.jpg",
   "R_wp": [
    [
     0.6691512055908794,
     -0.7104793465349821,
     -0.21784343203342665
    ],
    [
     0.230805302465204,
     -0.07994782874841055,
     0.9697098806924518
    ],
    [
     -0.7063749536094999,
     -0.6991619544181791,
     0.11048521552347867
    ]
   ],
   "T": [
    60.11421110590174,
    -54.60393632415511,
    -178.9896349604921
   ],
   "C": [
    -154.05641401588267,
    -86.79830429500154,
    85.82117110216446
   ],
   "n_crops": 1,
   "ref_yaw": 0.0,
   "ref_pitch": 0.0
  },
  {
   "idx": 23,
   "image": "data/8kpano/scenes/scene_023hf_pano/panoramas/pano_0023.jpg",
   "R_wp": [
    [
     0.5741717286159755,
     -0.7640878255755749,
     -0.2941030757438954
    ],
    [
     0.50061494726117,
     0.043401962110570125,
     0.8645813671582662
    ],
    [
     -0.6478514481989877,
     -0.6436505734214416,
     0.40743396769348994
    ]
   ],
   "T": [
    47.538824167694926,
    6.412290086248459,
    -190.7822054146502
   ],
   "C": [
    -154.10406532643194,
    -86.75154554762305,
    86.16851874524487
   ],
   "n_crops": 1,
   "ref_yaw": 0.0,
   "ref_pitch": 0.0
  },
  {
   "idx": 24,
   "image": "data/8kpano/scenes/scene_023hf_pano/panoramas/pano_0024.jpg",
   "R_wp": [
    [
     0.5623218669749643,
     -0.7885195962452614,
     -0.24906015841215556
    ],
    [
     0.45071932919555646,
     0.03974839246872508,
     0.8917803248248155
    ],
    [
     -0.6932865226301357,
     -0.6137238041597832,
     0.3777524152908466
    ]
   ],
   "T": [
    39.79639369612397,
    -4.07712032366505,
    -192.65780404452792
   ],
   "C": [
    -154.1078046540074,
    -86.69638561634822,
    86.32454257985607
   ],
   "n_crops": 1,
   "ref_yaw": 0.0,
   "ref_pitch": 0.0
  },
  {
   "idx": 25,
   "image": "data/8kpano/scenes/scene_023hf_pano/panoramas/pano_0025.jpg",
   "R_wp": [
    [
     0.39850666640269516,
     -0.8770068071530127,
     -0.268424094734277
    ],
    [
     0.6782931201293524,
     0.08481927092696395,
     0.7298795317063518
    ],
    [
     -0.6173417834650637,
     -0.47293207527717307,
     0.6286687307929952
    ]
   ],
   "T": [
    8.64713695096531,
    48.76627399219394,
    -190.48930730779472
   ],
   "C": [
    -154.12077881996146,
    -86.6412256835122,
    86.48226563839708
   ],
   "n_crops": 1,
   "ref_yaw": 0.0,
   "ref_pitch": 0.0
  },
  {
   "idx": 26,
   "image": "data/8kpano/scenes/scene_023hf_pano/panoramas/pano_0026.jpg",
   "R_wp": [
    [
     0.6592241743795871,
     -0.7344823190052494,
     -0.1611186197157839
    ],
    [
     0.06157805939982208,
     -0.1608179843931694,
     0.9850612741616627
    ],
    [
     -0.7494208625005047,
     -0.6592975764562747,
     -0.06078710623753869
    ]
   ],
   "T": [
    51.96486683113579,
    -89.72027728116034,
    -167.3891083052346
   ],
   "C": [
    -154.1765859580813,
    -86.62059235154162,
    86.57737890773605
   ],
   "n_crops": 1,
   "ref_yaw": 0.0,
   "ref_pitch": 0.0
  },
  {
   "idx": 27,
   "image": "data/8kpano/scenes/scene_023hf_pano/panoramas/pano_0027.jpg",
   "R_wp": [
    [
     0.602597649388025,
     -0.7493902549985662,
     -0.2743908108439519
    ],
    [
     0.4737363806072633,
     0.05921131232842192,
     0.8786739204154868
    ],
    [
     -0.6422226351130483,
     -0.6594757481836424,
     0.39069402614943227
    ]
   ],
   "T": [
    51.77019053097762,
    2.136179066221193,
    -189.91604170364744
   ],
   "C": [
    -154.17696174884063,
    -86.57543382586353,
    86.52732265227573
   ],
   "n_crops": 1,
   "ref_yaw": 0.0,
   "ref_pitch": 0.0
  },
  {
   "idx": 28,
   "image": "data/8kpano/scenes/scene_023hf_pano/panoramas/pano_0028.jpg",
   "R_wp": [
    [
     0.6737991226308641,
     -0.7332946883140393,
     -0.09095955764783586
    ],
    [
     0.27800406177591064,
     0.13752322207578183,
     0.9506845436716025
    ],
    [
     -0.6846228762414894,
     -0.6658575373384334,
     0.29652192917643394
    ]
   ],
   "T": [
    48.273163866836065,
    -27.697972193702658,
    -188.9095740925057
   ],
   "C": [
    -154.15808279748788,
    -86.57929524065584,
    86.73877109126707
   ],
   "n_crops": 1,
   "ref_yaw": 0.0,
   "ref_pitch": 0.0
  },
  {
   "idx": 29,
   "image": "data/8kpano/scenes/scene_023hf_pano/panoramas/pano_0029.jpg",
   "R_wp": [
    [
     0.6296821915313516,
     -0.764163662298494,
     0.13983645236330916
    ],
    [
     -0.3605509023682041,
     -0.12803024583814349,
     0.9239108714805648
    ],
    [
     -0.688115820911332,
     -0.6321883808336375,
     -0.3561382634959538
    ]
   ],
   "T": [
    18.710511092006662,
    -147.0571581799055,
    -129.84760981346332
   ],
   "C": [
    -154.15346165849604,
    -86.6180224259315,
    87.00759375385009
   ],
   "n_crops": 1,
   "ref_yaw": 0.0,
   "ref_pitch": 0.0
  },
  {
   "idx": 30,
   "image": "data/8kpano/scenes/scene_023hf_pano/panoramas/pano_0030.jpg",
   "R_wp": [
    [
     0.6217059202229487,
     -0.7774653536233387,
     -0.09502300333023106
    ],
    [
     -0.05838543092858711,
     -0.16698239189022224,
     0.9842296569327575
    ],
    [
     -0.7810716284066676,
     -0.6063534448207806,
     -0.14920659052234497
    ]
   ],
   "T": [
    36.7871050594969,
    -109.23577118679812,
    -159.9689174436199
   ],
   "C": [
    -154.19572164452154,
    -86.63745559311718,
    87.14029024109783
   ],
   "n_crops": 1,
   "ref_yaw": 0.0,
   "ref_pitch": 0.0
  },
  {
   "idx": 31,
   "image": "data/8kpano/scenes/scene_023hf_pano/panoramas/pano_0031.jpg",
   "R_wp": [
    [
     0.558036698913877,
     -0.7817265456217342,
     -0.2783857912461781
    ],
    [
     0.5632532638231933,
     0.11046717517961113,
     0.8188667537775767
    ],
    [
     -0.6093773885614482,
     -0.6137594052395587,
     0.5019547676811449
    ]
   ],
   "T": [
    42.57308403595889,
    25.14108477623215,
    -190.7696710543477
   ],
   "C": [
    -154.1688654539727,
    -86.58343495148682,
    87.02228905782499
   ],
   "n_crops": 1,
   "ref_yaw": 0.0,
   "ref_pitch": 0.0
  },
  {
   "idx": 32,
   "image": "data/8kpano/scenes/scene_023hf_pano/panoramas/pano_0032.jpg",
   "R_wp": [
    [
     0.5708695119266671,
     -0.815686455340924,
     -0.0936141293258973
    ],
    [
     0.2695215967196112,
     0.07847576796287203,
     0.959791466443754
    ],
    [
     -0.7755424601772608,
     -0.5731467148382684,
     0.2646445404516793
    ]
   ],
   "T": [
    25.54953000471543,
    -35.21823561888146,
    -192.22765098212548
   ],
   "C": [
    -154.17407819073145,
    -86.57046356466371,
    87.06595742759451
   ],
   "n_crops": 1,
   "ref_yaw": 0.0,
   "ref_pitch": 0.0
  },
  {
   "idx": 33,
   "image": "data/8kpano/scenes/scene_023hf_pano/panoramas/pano_0033.jpg",
   "R_wp": [
    [
     0.5588314194461191,
     -0.8290251811877379,
     -0.020608052596004622
    ],
    [
     0.14323677391992662,
     0.07201678584495863,
     0.987064742274609
    ],
    [
     -0.8168174027725984,
     -0.5545546211161412,
     0.15899213616568741
    ]
   ],
   "T": [
    16.174338195925717,
    -57.799095812404964,
    -187.8708713858274
   ],
   "C": [
    -154.21596981976845,
    -86.61322175000215,
    87.25476249912717
   ],
   "n_crops": 1,
   "ref_yaw": 0.0,
   "ref_pitch": 0.0
  },
  {
   "idx": 34,
   "image": "data/8kpano/scenes/scene_023hf_pano/panoramas/pano_0034.jpg",
   "R_wp": [
    [
     0.8278522459873309,
     -0.5608352330676091,
     0.011157933282708199
    ],
    [
     0.027708153312986594,
     0.06075098012794633,
     0.9977682961973094
    ],
    [
     -0.5602614714266231,
     -0.8256955589116962,
     0.06583254432047259
    ]
   ],
   "T": [
    78.12236717914868,
    -77.71559054126399,
    -163.72595314415597
   ],
   "C": [
    -154.24976515542147,
    -86.65271860851747,
    87.44896445541767
   ],
   "n_crops": 1,
   "ref_yaw": 0.0,
   "ref_pitch": 0.0
  },
  {
   "idx": 35,
   "image": "data/8kpano/scenes/scene_023hf_pano/panoramas/pano_0035.jpg",
   "R_wp": [
    [
     0.808727776131535,
     -0.588182729214285,
     -0.0006785295040479533
    ],
    [
     0.039490617100441106,
     0.0531469524597844,
     0.9978055365740619
    ],
    [
     -0.5868559231270305,
     -0.8069798477724586,
     0.06620911602413238
    ]
   ],
   "T": [
    73.86113247197866,
    -76.74601357845896,
    -166.2904105691595
   ],
   "C": [
    -154.29131448232184,
    -86.67035152278159,
    87.63765548234913
   ],
   "n_crops": 1,
   "ref_yaw": 0.0,
   "ref_pitch": 0.0
  },
  {
   "idx": 36,
   "image": "data/8kpano/scenes/scene_023hf_pano/panoramas/pano_0036.jpg",
   "R_wp": [
    [
     0.6597700696885944,
     -0.7415378306675044,
     -0.12175836509710125
    ],
    [
     0.3876393298191105,
     0.19703451762807878,
     0.9005071602317215
    ],
    [
     -0.6437695268957505,
     -0.6413260023889097,
     0.41744670626328884
    ]
   ],
   "T": [
    48.22330096028511,
    -2.177767682364622,
    -191.61104184138745
   ],
   "C": [
    -154.3254521214504,
    -86.69664652440575,
    87.8200839894637
   ],
   "n_crops": 1,
   "ref_yaw": 0.0,
   "ref_pitch": 0.0
  },
  {
   "idx": 37,
   "image": "data/8kpano/scenes/scene_023hf_pano/panoramas/pano_0037.jpg",
   "R_wp": [
    [
     0.621606196195434,
     -0.7797559042360592,
     -0.07474265948488956
    ],
    [
     0.31389560292931085,
     0.1605325219258853,
     0.9357878266508333
    ],
    [
     -0.7176874569055202,
     -0.6051529028726965,
     0.34454996114269976
    ]
   ],
   "T": [
    34.92177290512285,
    -19.876997477056477,
    -193.52703606841024
   ],
   "C": [
    -154.36021484598376,
    -86.69208501172142,
    87.89053125080653
   ],
   "n_crops": 1,
   "ref_yaw": 0.0,
   "ref_pitch": 0.0
  },
  {
   "idx": 38,
   "image": "data/8kpano/scenes/scene_023hf_pano/panoramas/pano_0038.jpg",
   "R_wp": [
    [
     0.47445299002964125,
     -0.8732274502118547,
     -0.11121231202635604
    ],
    [
     0.6740980805253001,
     0.2791651580364152,
     0.6838556788440596
    ],
    [
     -0.566114949442117,
     -0.39942537707520087,
     0.7210916939272352
    ]
   ],
   "T": [
    7.35098036798016,
    68.1194776943081,
    -185.44769065314156
   ],
   "C": [
    -154.39161403354115,
    -86.67002104088016,
    87.95841718749251
   ],
   "n_crops": 1,
   "ref_yaw": 0.0,
   "ref_pitch": 0.0
  },
  {
   "idx": 39,
   "image": "data/8kpano/scenes/scene_023hf_pano/panoramas/pano_0039.jpg",
   "R_wp": [
    [
     0.459523205125542,
     -0.8835799731184721,
     0.09013796588120848
    ],
    [
     -0.5782376691531372,
     -0.22059350692704305,
     0.7854805521409182
    ],
    [
     -0.6741510363127753,
     -0.4130677074321044,
     -0.6122870592018488
    ]
   ],
   "T": [
    -13.550609722602108,
    -177.51932053863877,
    -86.05036054030771
   ],
   "C": [
    -154.43247874464006,
    -86.67728293166967,
    87.97187656225422
   ],
   "n_crops": 1,
   "ref_yaw": 0.0,
   "ref_pitch": 0.0
  },
  {
   "idx": 40,
   "image": "data/8kpano/scenes/scene_023hf_pano/panoramas/pano_0040.jpg",
   "R_wp": [
    [
     0.4370938759249232,
     -0.8945596603841075,
     0.09333785615051204
    ],
    [
     -0.5786100287608427,
     -0.20022101451204022,
     0.7906465551460162
    ],
    [
     -0.6885923147949593,
     -0.3995929861250769,
     -0.6051165697818048
    ]
   ],
   "T": [
    -18.25807699595316,
    -176.28701954653573,
    -87.78250264457259
   ],
   "C": [
    -154.46730100195302,
    -86.70657835713548,
    87.96624804721762
   ],
   "n_crops": 1,
   "ref_yaw": 0.0,
   "ref_pitch": 0.0
  },
  {
   "idx": 41,
   "image": "data/8kpano/scenes/scene_023hf_pano/panoramas/pano_0041.jpg",
   "R_wp": [
    [
     0.39415083711289334,
     -0.9180031368295961,
     -0.04376477979871929
    ],
    [
     -0.5333278390521113,
     -0.2672501332510573,
     0.8025825672790907
    ],
    [
     -0.7484694591443353,
     -0.29299761428945614,
     -0.5949334923914931
    ]
   ],
   "T": [
    -14.88110434257144,
    -176.13103747414297,
    -88.69128639517251
   ],
   "C": [
    -154.45290551798402,
    -86.71828000015779,
    87.9430156237469
   ],
   "n_crops": 1,
   "ref_yaw": 0.0,
   "ref_pitch": 0.0
  },
  {
   "idx": 42,
   "image": "data/8kpano/scenes/scene_023hf_pano/panoramas/pano_0042.jpg",
   "R_wp": [
    [
     0.42021395411600004,
     -0.9072598072249198,
     -0.01731683115507915
    ],
    [
     -0.558592714839266,
     -0.273667400922758,
     0.7829944619893627
    ],
    [
     -0.7151184582819483,
     -0.31935214226886677,
     -0.6217875789733862
    ]
   ],
   "T": [
    -12.270553529460944,
    -178.80671702225206,
    -83.47888545212841
   ],
   "C": [
    -154.42116402240705,
    -86.72531142409656,
    87.8860484349399
   ],
   "n_crops": 1,
   "ref_yaw": 0.0,
   "ref_pitch": 0.0
  },
  {
   "idx": 43,
   "image": "data/8kpano/scenes/scene_023hf_pano/panoramas/pano_0043.jpg",
   "R_wp": [
    [
     0.5694984788366018,
     -0.8179848697889951,
     -0.08106931402862144
    ],
    [
     0.16306633448557245,
     0.01576071571444393,
     0.9864892125414503
    ],
    [
     -0.8056555414308462,
     -0.5750237809860493,
     0.1423614991201062
    ]
   ],
   "T": [
    24.068574151627896,
    -60.088925904445595,
    -186.78492501422295
   ],
   "C": [
    -154.39284559393695,
    -86.7710004567942,
    87.81928203098637
   ],
   "n_crops": 1,
   "ref_yaw": 0.0,
   "ref_pitch": 0.0
  },
  {
   "idx": 44,
   "image": "data/8kpano/scenes/scene_023hf_pano/panoramas/pano_0044.jpg",
   "R_wp": [
    [
     0.4190819280053849,
     -0.9078179866339675,
     -0.015389556181599873
    ],
    [
     -0.045852171171799905,
     -0.038089138574010084,
     0.9982218149134816
    ],
    [
     -0.9067898950112142,
     -0.41763107704549807,
     -0.057587894222801195
    ]
   ],
   "T": [
    -12.773595505189377,
    -97.98243122542682,
    -171.04541313785464
   ],
   "C": [
    -154.24177675995512,
    -86.76204702318137,
    87.7614753902659
   ],
   "n_crops": 1,
   "ref_yaw": 0.0,
   "ref_pitch": 0.0
  },
  {
   "idx": 45,
   "image": "data/8kpano/scenes/scene_023hf_pano/panoramas/pano_0045.jpg",
   "R_wp": [
    [
     0.3827621291353238,
     -0.9177828164201366,
     0.10567805786805351
    ],
    [
     -0.22680001017631157,
     0.017539102786980232,
     0.973783410891564
    ],
    [
     -0.8955751813303375,
     -0.3966951951152237,
     -0.2014398469813452
    ]
   ],
   "T": [
    -30.0414908488683,
    -117.0807316783485,
    -151.73505860969013
   ],
   "C": [
    -150.94531919696988,
    -85.71064255678733,
    86.62051394049013
   ],
   "n_crops": 1,
   "ref_yaw": 0.0,
   "ref_pitch": 0.0
  },
  {
   "idx": 46,
   "image": "data/8kpano/scenes/scene_023hf_pano/panoramas/pano_0046.jpg",
   "R_wp": [
    [
     0.13888727609112062,
     -0.987385512924932,
     0.07602742900760956
    ],
    [
     -0.18941932033214642,
     0.04886704452263202,
     0.9806795242279709
    ],
    [
     -0.9720239925950624,
     -0.15060497010743196,
     -0.18024288079567108
    ]
   ],
   "T": [
    -68.23238213528819,
    -105.87600810830362,
    -136.02070150482436
   ],
   "C": [
    -142.79373768670206,
    -82.68321250569663,
    84.50120304084989
   ],
   "n_crops": 1,
   "ref_yaw": 0.0,
   "ref_pitch": 0.0
  },
  {
   "idx": 47,
   "image": "data/8kpano/scenes/scene_023hf_pano/panoramas/pano_0047.jpg",
   "R_wp": [
    [
     0.126707062285901,
     -0.9716858764248837,
     -0.19942887060330766
    ],
    [
     -0.5402259538300842,
     -0.2362147859495849,
     0.8076871230633238
    ],
    [
     -0.8319262200953166,
     0.0053969908595917215,
     -0.5548600099017236
    ]
   ],
   "T": [
    -41.3483547108539,
    -159.48031711124443,
    -67.16890642525915
   ],
   "C": [
    -136.79585284342497,
    -77.4867122137804,
    83.29480310919304
   ],
   "n_crops": 1,
   "ref_yaw": 0.0,
   "ref_pitch": 0.0
  },
  {
   "idx": 48,
   "image": "data/8kpano/scenes/scene_023hf_pano/panoramas/pano_0048.jpg",
   "R_wp": [
    [
     -0.1685628386411766,
     -0.9856039204109814,
     -0.013094916016573088
    ],
    [
     -0.1728932310843418,
     0.016484784949577946,
     0.9848026089406556
    ],
    [
     -0.9704094472954155,
     0.1682651479112925,
     -0.1731829665569491
    ]
   ],
   "T": [
    -88.41928289725189,
    -103.97750318325792,
    -104.21509813155619
   ],
   "C": [
    -134.01252819898127,
    -67.89657695165859,
    83.19119375114498
   ],
   "n_crops": 1,
   "ref_yaw": 0.0,
   "ref_pitch": 0.0
  },
  {
   "idx": 49,
   "image": "data/8kpano/scenes/scene_023hf_pano/panoramas/pano_0049.jpg",
   "R_wp": [
    [
     -0.0016578543387797406,
     -0.971306444183264,
     -0.2378256483233539
    ],
    [
     -0.20120646636765277,
     -0.23263814499217617,
     0.9515226988652917
    ],
    [
     -0.9795474492867624,
     0.04942954634740404,
     -0.19504745515770594
    ]
   ],
   "T": [
    -32.36270108965079,
    -119.14473409023735,
    -109.93216360653201
   ],
   "C": [
    -131.71011448098415,
    -53.717813810177105,
    84.23025000704826
   ],
   "n_crops": 1,
   "ref_yaw": 0.0,
   "ref_pitch": 0.0
  },
  {
   "idx": 50,
   "image": "data/8kpano/scenes/scene_023hf_pano/panoramas/pano_0050.jpg",
   "R_wp": [
    [
     -0.06707449370667629,
     -0.99673739727926,
     0.04489508760055805
    ],
    [
     -0.11358584262094584,
     0.052332069422355576,
     0.9921489843140454
    ],
    [
     -0.9912614510722109,
     0.06144844655700177,
     -0.11672540240686646
    ]
   ],
   "T": [
    -49.711320091735566,
    -98.63006206878931,
    -115.45487086047065
   ],
   "C": [
    -128.98330362641062,
    -37.29309469672079,
    86.61099393495287
   ],
   "n_crops": 1,
   "ref_yaw": 0.0,
   "ref_pitch": 0.0
  },
  {
   "idx": 51,
   "image": "data/8kpano/scenes/scene_023hf_pano/panoramas/pano_0051.jpg",
   "R_wp": [
    [
     -0.05363074622524788,
     -0.9984699508769139,
     0.013472046639354862
    ],
    [
     -0.120535914709607,
     0.01986597247044619,
     0.9925101674453443
    ],
    [
     -0.991259215397223,
     0.051605197539785264,
     -0.12141691394238974
    ]
   ],
   "T": [
    -28.136561321294927,
    -103.66278470124396,
    -112.63363253257441
   ],
   "C": [
    -125.653199966387,
    -20.22166866434415,
    89.58979699822096
   ],
   "n_crops": 1,
   "ref_yaw": 0.0,
   "ref_pitch": 0.0
  },
  {
   "idx": 52,
   "image": "data/8kpano/scenes/scene_023hf_pano/panoramas/pano_0052.jpg",
   "R_wp": [
    [
     -0.04535910067184479,
     -0.998922052444724,
     0.009863110281495224
    ],
    [
     -0.12758146054341024,
     0.015585084542254712,
     0.9917056378420772
    ],
    [
     -0.9907903505436533,
     0.04372452791936138,
     -0.12815085803540383
    ]
   ],
   "T": [
    -9.415185605670553,
    -107.45340076121865,
    -108.99986908516007
   ],
   "C": [
    -122.13214499683146,
    -2.9643988539056227,
    92.68657978993535
   ],
   "n_crops": 1,
   "ref_yaw": 0.0,
   "ref_pitch": 0.0
  },
  {
   "idx": 53,
   "image": "data/8kpano/scenes/scene_023hf_pano/panoramas/pano_0053.jpg",
   "R_wp": [
    [
     -0.060055626363541004,
     -0.997922241232897,
     0.023334908497188
    ],
    [
     -0.11053506056138857,
     0.029881774312484177,
     0.9934229089718816
    ],
    [
     -0.992056106220082,
     0.0570813116192746,
     -0.11209996220727714
    ]
   ],
   "T": [
    4.959118241924974,
    -108.69965895462202,
    -107.45162821183618
   ],
   "C": [
    -118.315344608425,
    14.330432533192461,
    95.82368753781728
   ],
   "n_crops": 1,
   "ref_yaw": 0.0,
   "ref_pitch": 0.0
  },
  {
   "idx": 54,
   "image": "data/8kpano/scenes/scene_023hf_pano/panoramas/pano_0054.jpg",
   "R_wp": [
    [
     0.0029848146866684466,
     -0.9998465326671786,
     0.017262618765582105
    ],
    [
     -0.08912314856400805,
     0.01692802467755139,
     0.9958767506264347
    ],
    [
     -0.9960161400716673,
     -0.004511004505498684,
     -0.08905894227337496
    ]
   ],
   "T": [
    27.58110055067442,
    -106.2801564107241,
    -105.05406164046364
   ],
   "C": [
    -114.18988782169207,
    28.902081192401297,
    96.00981132462687
   ],
   "n_crops": 1,
   "ref_yaw": 0.0,
   "ref_pitch": 0.0
  },
  {
   "idx": 55,
   "image": "data/8kpano/scenes/scene_023hf_pano/panoramas/pano_0055.jpg",
   "R_wp": [
    [
     0.6664318635999105,
     -0.7052761795134468,
     0.24177278683796147
    ],
    [
     -0.16063354422016968,
     0.18084017810495223,
     0.970305978121127
    ],
    [
     -0.7280559280136003,
     -0.6854796403375132,
     0.007226644858826736
    ]
   ],
   "T": [
    78.59702937534217,
    -112.69770831541919,
    -53.85294106137942
   ],
   "C": [
    -109.69055004367176,
    38.897791458656954,
    90.73781358088335
   ],
   "n_crops": 1,
   "ref_yaw": 0.0,
   "ref_pitch": 0.0
  },
  {
   "idx": 56,
   "image": "data/8kpano/scenes/scene_023hf_pano/panoramas/pano_0056.jpg",
   "R_wp": [
    [
     0.4422729123431687,
     -0.8966301258911062,
     0.021191652155556295
    ],
    [
     -0.12803157286399686,
     -0.03973156697143865,
     0.9909739223496441
    ],
    [
     -0.887695096937318,
     -0.44099412215081296,
     -0.13236916020131861
    ]
   ],
   "T": [
    86.64522397578607,
    -93.63578583988867,
    -61.56729811234142
   ],
   "C": [
    -104.96216114655319,
    46.81760488952948,
    82.80485511328081
   ],
   "n_crops": 1,
   "ref_yaw": 0.0,
   "ref_pitch": 0.0
  },
  {
   "idx": 57,
   "image": "data/8kpano/scenes/scene_023hf_pano/panoramas/pano_0057.jpg",
   "R_wp": [
    [
     0.4553229019912519,
     -0.8903233100894923,
     0.0023358627626754447
    ],
    [
     -0.1263942177732511,
     -0.06204216652983918,
     0.9900380129255659
    ],
    [
     -0.881309000553747,
     -0.45108221959572364,
     -0.14078093672236713
    ]
   ],
   "T": [
    94.20491357589582,
    -83.34090299981797,
    -53.173415356387075
   ],
   "C": [
    -100.28967239389357,
    54.71659802435966,
    74.80480913513954
   ],
   "n_crops": 1,
   "ref_yaw": 0.0,
   "ref_pitch": 0.0
  },
  {
   "idx": 58,
   "image": "data/8kpano/scenes/scene_023hf_pano/panoramas/pano_0058.jpg",
   "R_wp": [
    [
     0.44801496532083307,
     -0.8940257070305575,
     0.000789815892891288
    ],
    [
     -0.11708560167310728,
     -0.05779816558777706,
     0.9914385153423999
    ],
    [
     -0.886325871517626,
     -0.4442717670435603,
     -0.1305719800118914
    ]
   ],
   "T": [
    98.27673845098053,
    -74.6435650758817,
    -48.75268483478083
   ],
   "C": [
    -95.97990213901768,
    61.888227998145204,
    67.56115028681009
   ],
   "n_crops": 1,
   "ref_yaw": 0.0,
   "ref_pitch": 0.0
  },
  {
   "idx": 59,
   "image": "data/8kpano/scenes/scene_023hf_pano/panoramas/pano_0059.jpg",
   "R_wp": [
    [
     0.7628237466241002,
     -0.6459835638336494,
     0.02837544527302943
    ],
    [
     -0.12948023539587616,
     -0.10961029438914105,
     0.9855051737902305
    ],
    [
     -0.6335099046419825,
     -0.7554408078613846,
     -0.16725543898248074
    ]
   ],
   "T": [
    112.00785127207429,
    -67.9820394943332,
    0.6669892042273157
   ],
   "C": [
    -93.82203487812404,
    65.40757055859264,
    63.92993671955089
   ],
   "n_crops": 1,
   "ref_yaw": 0.0,
   "ref_pitch": 0.0
  },
  {
   "idx": 60,
   "image": "data/8kpano/scenes/scene_023hf_pano/panoramas/pano_0060.jpg",
   "R_wp": [
    [
     0.5324810862938755,
     -0.8462859443408979,
     0.016247808475395864
    ],
    [
     -0.08340253963901756,
     -0.03335532838729871,
     0.995957546442877
    ],
    [
     -0.8423229233797336,
     -0.5316836637943546,
     -0.08834347768713124
    ]
   ],
   "T": [
    104.42354276394872,
    -68.90333027328468,
    -38.530471414562136
   ],
   "C": [
    -93.80537348961258,
    65.58786111944596,
    63.52422225654854
   ],
   "n_crops": 1,
   "ref_yaw": 0.0,
   "ref_pitch": 0.0
  },
  {
   "idx": 61,
   "image": "data/8kpano/scenes/scene_023hf_pano/panoramas/pano_0061.jpg",
   "R_wp": [
    [
     0.3735010792378263,
     -0.927288174964731,
     0.02517105227759947
    ],
    [
     0.09543033158111519,
     0.0654007811187336,
     0.9932853496880848
    ],
    [
     -0.9227079674070782,
     -0.3685910669851359,
     0.11291868168700903
    ]
   ],
   "T": [
    94.20245259733461,
    -58.40946747726953,
    -69.76999850124298
   ],
   "C": [
    -93.98801637880119,
    65.4562469617676,
    63.524429696223464
   ],
   "n_crops": 1,
   "ref_yaw": 0.0,
   "ref_pitch": 0.0
  },
  {
   "idx": 62,
   "image": "data/8kpano/scenes/scene_023hf_pano/panoramas/pano_0062.jpg",
   "R_wp": [
    [
     0.30693778029498264,
     -0.9505858852579734,
     0.04664408862498226
    ],
    [
     -0.04168891287997206,
     0.03553403767375918,
     0.9984985542561502
    ],
    [
     -0.9508160867371913,
     -0.3084214698380303,
     -0.02872215224933683
    ]
   ],
   "T": [
    88.03869447890565,
    -69.80879570156891,
    -67.4263170973362
   ],
   "C": [
    -94.0426812471247,
    65.37320485738728,
    63.66086797106671
   ],
   "n_crops": 1,
   "ref_yaw": 0.0,
   "ref_pitch": 0.0
  },
  {
   "idx": 63,
   "image": "data/8kpano/scenes/scene_023hf_pano/panoramas/pano_0063.jpg",
   "R_wp": [
    [
     0.1808315987930833,
     -0.9835101465669233,
     0.0027787049452555612
    ],
    [
     -0.22477035942130696,
     -0.038576217078769126,
     0.9736478608034854
    ],
    [
     -0.9574853602676545,
     -0.17669086824591662,
     -0.22803972688868268
    ]
   ],
   "T": [
    81.3147955083872,
    -80.1410970715529,
    -63.16252168394338
   ],
   "C": [
    -93.19481752596036,
    65.72214524077808,
    63.3996937360799
   ],
   "n_crops": 1,
   "ref_yaw": 0.0,
   "ref_pitch": 0.0
  },
  {
   "idx": 64,
   "image": "data/8kpano/scenes/scene_023hf_pano/panoramas/pano_0064.jpg",
   "R_wp": [
    [
     -0.20896796775025317,
     -0.9774855073939428,
     -0.029231258153963435
    ],
    [
     -0.13511328202614442,
     -0.0007456414122717359,
     0.9908298749210308
    ],
    [
     -0.9685436410604228,
     0.21100123897908285,
     -0.1319154577107977
    ]
   ],
   "T": [
    49.72358482525969,
    -73.2455732288171,
    -91.85963160382474
   ],
   "C": [
    -88.47587553582954,
    67.93196461651311,
    61.9096796974945
   ],
   "n_crops": 1,
   "ref_yaw": 0.0,
   "ref_pitch": 0.0
  },
  {
   "idx": 65,
   "image": "data/8kpano/scenes/scene_023hf_pano/panoramas/pano_0065.jpg",
   "R_wp": [
    [
     -0.2758838882159105,
     -0.9529256975585811,
     -0.12578032458149835
    ],
    [
     -0.3601620796167224,
     -0.01883916910205974,
     0.9326995003956768
    ],
    [
     -0.8911629208654797,
     0.3026180704529704,
     -0.3380102758168557
    ]
   ],
   "T": [
    54.83556081379642,
    -81.70031348976619,
    -71.6532991111105
   ],
   "C": [
