{
 "scene_dir": "data/8kpano/scenes/scene_028hf_pano",
 "point_cloud": "/w/p3_pano/gps_init_scene_028hf.ply",
 "cameras_extent": 256.694644972097,
 "cameras": [
  {
   "idx": 1,
   "image": "data/8kpano/scenes/scene_028hf_pano/panoramas/pano_0001.jpg",
   "R_wp": [
    [
     -0.3827380138405456,
     0.23679808901515553,
     -0.8929939965084678
    ],
    [
     0.08435437346919633,
     0.9715130695369101,
     0.22146488524276334
    ],
    [
     0.9199978002354211,
     0.009435081226013765,
     -0.3918099370922654
    ]
   ],
   "T": [
    0.0,
    0.0,
    0.0
   ],
   "C": [
    0.0,
    0.0,
    0.0
   ],
   "n_crops": 1,
   "ref_yaw": 0.0,
   "ref_pitch": 0.0
  },
  {
   "idx": 2,
   "image": "data/8kpano/scenes/scene_028hf_pano/panoramas/pano_0002.jpg",
   "R_wp": [
    [
     -0.514579596716147,
     0.19727844582703305,
     -0.8344393647566721
    ],
    [
     0.045453290842509944,
     0.9780800072824136,
     0.20320801585080242
    ],
    [
     0.8562370215045798,
     0.06663868370926988,
     -0.5122669702786451
    ]
   ],
   "T": [
    2.7249808214100653,
    -1.0898233591714366,
    0.39470748129304306
   ],
   "C": [
    1.1137924321038766,
    0.5020516707151239,
    2.6974877136249136
   ],
   "n_crops": 1,
   "ref_yaw": 0.0,
   "ref_pitch": 0.0
  },
  {
   "idx": 3,
   "image": "data/8kpano/scenes/scene_028hf_pano/panoramas/pano_0003.jpg",
   "R_wp": [
    [
     -0.2020881956988187,
     0.19524676858848602,
     -0.9597077995488784
    ],
    [
     0.1429991755663943,
     0.9753068515073728,
     0.1683085891750815
    ],
    [
     0.9688713005072073,
     -0.1032242450131227,
     -0.22501812881397698
    ]
   ],
   "T": [
    9.147926207667306,
    -3.0004676277598015,
    -1.4286237891684805
   ],
   "C": [
    3.6619048873239324,
    0.9928049917025425,
    8.962874352671836
   ],
   "n_crops": 1,
   "ref_yaw": 0.0,
   "ref_pitch": 0.0
  },
  {
   "idx": 4,
   "image": "data/8kpano/scenes/scene_028hf_pano/panoramas/pano_0004.jpg",
   "R_wp": [
    [
     -0.8090034871082212,
     0.20745637916897725,
     -0.5499774618916998
    ],
    [
     0.08492751617535556,
     0.9670839935845345,
     0.23986635101421172
    ],
    [
     0.5816362048935944,
     0.14734449461953344,
     -0.7999930781339872
    ]
   ],
   "T": [
    18.624231695395594,
    -6.406557648442083,
    11.90696799755787
   ],
   "C": [
    8.685637736713865,
    0.5775375014029157,
    21.30511726281979
   ],
   "n_crops": 1,
   "ref_yaw": 0.0,
   "ref_pitch": 0.0
  },
  {
   "idx": 5,
   "image": "data/8kpano/scenes/scene_028hf_pano/panoramas/pano_0005.jpg",
   "R_wp": [
    [
     -0.626516497303157,
     0.19862875662569499,
     -0.7536734675231139
    ],
    [
     0.011194431474923572,
     0.9691752343354257,
     0.2461179592285492
    ],
    [
     0.779327763723927,
     0.1457600157526158,
     -0.6094278090937928
    ]
   ],
   "T": [
    22.877562720957336,
    -6.393675712169178,
    6.726778302802002
   ],
   "C": [
    9.162378935610908,
    0.6719550073353974,
    22.915296205965934
   ],
   "n_crops": 1,
   "ref_yaw": 0.0,
   "ref_pitch": 0.0
  },
  {
   "idx": 6,
   "image": "data/8kpano/scenes/scene_028hf_pano/panoramas/pano_0006.jpg",
   "R_wp": [
    [
     -0.5726460933117519,
     0.2686208673321471,
     -0.7745445638880397
    ],
    [
     0.06601666459619432,
     0.9568354314157235,
     0.2830331379592854
    ],
    [
     0.8171402889408784,
     0.11094497204114843,
     -0.5656615254446842
    ]
   ],
   "T": [
    22.645878891711348,
    -7.960153293464387,
    5.318825189402536
   ],
   "C": [
    9.14735049496409,
    0.9433041693670009,
    22.801884325539135
   ],
   "n_crops": 1,
   "ref_yaw": 0.0,
   "ref_pitch": 0.0
  },
  {
   "idx": 7,
   "image": "data/8kpano/scenes/scene_028hf_pano/panoramas/pano_0007.jpg",
   "R_wp": [
    [
     -0.8817296228506362,
     0.3510820738603803,
     -0.3151099008307582
    ],
    [
     0.307483025694486,
     0.9342702866868566,
     0.18053592529971454
    ],
    [
     0.3577807444475456,
     0.062292927591776646,
     -0.9317255658586417
    ]
   ],
   "T": [
    14.867247930302765,
    -7.988434572389147,
    17.988323337496794
   ],
   "C": [
    9.129325228240637,
    1.1231874989978985,
    22.8871971886439
   ],
   "n_crops": 1,
   "ref_yaw": 0.0,
   "ref_pitch": 0.0
  },
  {
   "idx": 8,
   "image": "data/8kpano/scenes/scene_028hf_pano/panoramas/pano_0008.jpg",
   "R_wp": [
    [
     -0.5930523242598399,
     0.1159713754471023,
     -0.7967682101884523
    ],
    [
     -0.05184687048107004,
     0.9820184858514655,
     0.1815257432633562
    ],
    [
     0.8034929014691551,
     0.14896420215240302,
     -0.576375592618023
    ]
   ],
   "T": [
    23.53805106585843,
    -4.759009615126595,
    5.744589413775141
   ],
   "C": [
    9.09681932219732,
    1.087957080231297,
    22.929294704363574
   ],
   "n_crops": 1,
   "ref_yaw": 0.0,
   "ref_pitch": 0.0
  },
  {
   "idx": 9,
   "image": "data/8kpano/scenes/scene_028hf_pano/panoramas/pano_0009.jpg",
   "R_wp": [
    [
     -0.5227262047734815,
     0.22643406729095364,
     -0.8218789010634041
    ],
    [
     -0.02436079684606635,
     0.9597189052998205,
     0.2799038663311729
    ],
    [
     0.8521524901214202,
     0.16633471068959188,
     -0.49615410670443255
    ]
   ],
   "T": [
    23.31741968010441,
    -7.302055278075132,
    3.461989295332896
   ],
   "C": [
    9.060599610511908,
    1.1522133331672089,
    22.925648973061755
   ],
   "n_crops": 1,
   "ref_yaw": 0.0,
   "ref_pitch": 0.0
  },
  {
   "idx": 10,
   "image": "data/8kpano/scenes/scene_028hf_pano/panoramas/pano_0010.jpg",
   "R_wp": [
    [
     -0.49047921375171066,
     0.123141375121255,
     -0.8627087240840621
    ],
    [
     -0.06689829089567653,
     0.9817242145280963,
     0.1781633668418678
    ],
    [
     0.868881326507102,
     0.1450991672699706,
     -0.4732773733286012
    ]
   ],
   "T": [
    24.062271737302645,
    -4.685418100680754,
    2.8746093773723027
   ],
   "C": [
    8.990903250724001,
    1.2196237474706102,
    22.953989188399984
   ],
   "n_crops": 1,
   "ref_yaw": 0.0,
   "ref_pitch": 0.0
  },
  {
   "idx": 11,
   "image": "data/8kpano/scenes/scene_028hf_pano/panoramas/pano_0011.jpg",
   "R_wp": [
    [
     -0.3828492832909698,
     0.2115187020191596,
     -0.8992698510345608
    ],
    [
     0.06844153153759075,
     0.9772541960681616,
     0.2007236733122449
    ],
    [
     0.9212720461646386,
     0.01529950859673739,
     -0.3886177324728233
    ]
   ],
   "T": [
    24.771502781682283,
    -7.256091166573398,
    0.8682881602658635
   ],
   "C": [
    9.180440468355332,
    1.838125041969093,
    24.07016706520428
   ],
   "n_crops": 1,
   "ref_yaw": 0.0,
   "ref_pitch": 0.0
  },
  {
   "idx": 12,
   "image": "data/8kpano/scenes/scene_028hf_pano/panoramas/pano_0012.jpg",
   "R_wp": [
    [
     -0.6336819166295936,
     0.13584043661186887,
     -0.761573768139201
    ],
    [
     -0.022334966352640054,
     0.9808391823043365,
     0.1935346163728528
    ],
    [
     0.7732712187936849,
     0.1396491111237648,
     -0.6185060613669613
    ]
   ],
   "T": [
    25.444401205126955,
    -7.898855229904685,
    8.350206896591667
   ],
   "C": [
    9.490261593266025,
    3.1250291649994693,
    26.071143999748614
   ],
   "n_crops": 1,
   "ref_yaw": 0.0,
   "ref_pitch": 0.0
  },
  {
   "idx": 13,
   "image": "data/8kpano/scenes/scene_028hf_pano/panoramas/pano_0013.jpg",
   "R_wp": [
    [
     -0.472541350943027,
     0.2217222066196463,
     -0.8529618600738572
    ],
    [
     -0.020209141143011505,
     0.964855152062952,
     0.26200405751026024
    ],
    [
     0.8810767629799353,
     0.14104537790829078,
     -0.45145314165205086
    ]
   ],
   "T": [
    25.979819622461488,
    -9.806844422036315,
    2.9885873760297157
   ],
   "C": [
    9.445176267406666,
    3.2803549959449487,
    26.078435459513674
   ],
   "n_crops": 1,
   "ref_yaw": 0.0,
   "ref_pitch": 0.0
  },
  {
   "idx": 14,
   "image": "data/8kpano/scenes/scene_028hf_pano/panoramas/pano_0014.jpg",
   "R_wp": [
    [
     -0.2778149223593616,
     -0.0452188851071346,
     -0.9595697584564297
    ],
    [
     -0.22720434410803625,
     0.9736438000370402,
     0.01989815739884212
    ],
    [
     0.9333793735308806,
     0.2235464226488536,
     -0.28076670384502744
    ]
   ],
   "T": [
    27.909878484580165,
    -1.718291329924883,
    -2.1363152370446805
   ],
   "C": [
    9.357370047267983,
    3.412622917478656,
    26.215859999857827
   ],
   "n_crops": 1,
   "ref_yaw": 0.0,
   "ref_pitch": 0.0
  },
  {
   "idx": 15,
   "image": "data/8kpano/scenes/scene_028hf_pano/panoramas/pano_0015.jpg",
   "R_wp": [
    [
     0.1262446741641287,
     0.29028151724685397,
     -0.9485773152411239
    ],
    [
     -0.16234602718287428,
     0.9493814541997837,
     0.26892121872295865
    ],
    [
     0.9786245703553178,
     0.12004788697169315,
     0.16698040343256204
    ]
   ],
   "T": [
    22.568857592679215,
    -9.084786045732162,
    -13.95633894955774
   ],
   "C": [
    9.333939212868692,
    3.749034163415151,
    26.18183318681723
   ],
   "n_crops": 1,
   "ref_yaw": 0.0,
   "ref_pitch": 0.0
  },
  {
   "idx": 16,
   "image": "data/8kpano/scenes/scene_028hf_pano/panoramas/pano_0016.jpg",
   "R_wp": [
    [
     -0.36639436370586276,
     0.36971222696307626,
     -0.8538548117089807
    ],
    [
     0.0893597590545539,
     0.9274097758654274,
     0.3632161079728566
    ],
    [
     0.9261587356961485,
     0.05678007452654854,
     -0.3728351102437532
    ]
   ],
   "T": [
    24.22752268909199,
    -14.404776265426907,
    0.8429490572927898
   ],
   "C": [
    9.383330462993968,
    4.354056250233368,
    26.233114599923457
   ],
   "n_crops": 1,
   "ref_yaw": 0.0,
   "ref_pitch": 0.0
  },
  {
   "idx": 17,
   "image": "data/8kpano/scenes/scene_028hf_pano/panoramas/pano_0017.jpg",
   "R_wp": [
    [
     -0.5418219551459573,
     0.2530058851273049,
     -0.8015091958379279
    ],
    [
     0.028432423327690935,
     0.9585891866480921,
     0.2833696676517522
    ],
    [
     0.8400122417117071,
     0.13074705859903113,
     -0.526578237721779
    ]
   ],
   "T": [
    25.028794356288497,
    -12.173132742643034,
    5.359823416587482
   ],
   "C": [
    9.404944673086787,
    4.6358199986183575,
    26.33267178607162
   ],
   "n_crops": 1,
   "ref_yaw": 0.0,
   "ref_pitch": 0.0
  },
  {
   "idx": 18,
   "image": "data/8kpano/scenes/scene_028hf_pano/panoramas/pano_0018.jpg",
   "R_wp": [
    [
     -0.42968883287866083,
     0.2421866611922598,
     -0.8698925956920891
    ],
    [
     -0.022391841005408666,
     0.9602066151817549,
     0.2783915616853104
    ],
    [
     0.902699347709836,
     0.13910024191834805,
     -0.40716705458877006
    ]
   ],
   "T": [
    25.704664044182866,
    -12.129274309773159,
    1.5237793505249042
   ],
   "C": [
    9.397895685055039,
    5.209324591380724,
    26.357417293991006
   ],
   "n_crops": 1,
   "ref_yaw": 0.0,
   "ref_pitch": 0.0
  },
  {
   "idx": 19,
   "image": "data/8kpano/scenes/scene_028hf_pano/panoramas/pano_0019.jpg",
   "R_wp": [
    [
     -0.4004385180338781,
     0.2422016537201259,
     -0.8837348879670127
    ],
    [
     -0.038460023687559595,
     0.9591429881118569,
     0.28029547790467607
    ],
    [
     0.915516149422163,
     0.1462295705084801,
     -0.3747627154028556
    ]
   ],
   "T": [
    25.630176409312245,
    -12.557833442558955,
    0.41943821863603403
   ],
   "C": [
    9.396332823780458,
    5.775752510267031,
    26.327374809647466
   ],
   "n_crops": 1,
   "ref_yaw": 0.0,
   "ref_pitch": 0.0
  },
  {
   "idx": 20,
   "image": "data/8kpano/scenes/scene_028hf_pano/panoramas/pano_0020.jpg",
   "R_wp": [
    [
     0.16237504037808487,
     0.14257900969430767,
     -0.9763736847420694
    ],
    [
     -0.009334753144801982,
     0.9896829794201807,
     0.14297014593865376
    ],
    [
     0.9866849591667752,
     -0.014100575895502041,
     0.1620307536039816
    ]
   ],
   "T": [
    24.093896009921913,
    -12.208427920420078,
    -13.767701044936583
   ],
   "C": [
    9.558173544943955,
    8.453056972054855,
    27.500877724169094
   ],
   "n_crops": 1,
   "ref_yaw": 0.0,
   "ref_pitch": 0.0
  },
  {
   "idx": 21,
   "image": "data/8kpano/scenes/scene_028hf_pano/panoramas/pano_0021.jpg",
   "R_wp": [
    [
     -0.5545292569469746,
     0.23880002415870302,
     -0.7971648836041635
    ],
    [
     -0.09415550503672843,
     0.9337855846813948,
     0.34522343882260376
    ],
    [
     0.826820442454778,
     0.2664939592242723,
     -0.4953270895437246
    ]
   ],
   "T": [
    29.157157565677398,
    -26.06056483266585,
    2.6266061707464505
   ],
   "C": [
    11.543019599967858,
    16.672275160550285,
    33.5408091161972
   ],
   "n_crops": 1,
   "ref_yaw": 0.0,
   "ref_pitch": 0.0
  },
  {
   "idx": 22,
   "image": "data/8kpano/scenes/scene_028hf_pano/panoramas/pano_0022.jpg",
   "R_wp": [
    [
     -0.575212580132536,
     0.18078617899298946,
     -0.7977761873748715
    ],
    [
     0.16003462896257498,
     0.9812965419999083,
     0.10698604671560016
    ],
    [
     0.8021966125521113,
     -0.06613209617225496,
     -0.5933861648756075
    ]
   ],
   "T": [
    36.68273950273859,
    -25.953877698213844,
    13.605524822233303
   ],
   "C": [
    14.339586498884437,
    19.736480003068426,
    40.11464903021735
   ],
   "n_crops": 1,
   "ref_yaw": 0.0,
   "ref_pitch": 0.0
  },
  {
   "idx": 23,
   "image": "data/8kpano/scenes/scene_028hf_pano/panoramas/pano_0023.jpg",
   "R_wp": [
    [
     -0.9934265936958101,
     -0.08038186276934484,
     -0.08150066917314604
    ],
    [
     -0.09326046177000157,
     0.9811847019837077,
     0.16905344380872575
    ],
    [
     0.06637837907320752,
     0.17554297687709988,
     -0.9822314259179149
    ]
   ],
   "T": [
    20.74309086350792,
    -26.58263160537068,
    36.929212626288944
   ],
   "C": [
    15.676328326095739,
    21.26717583471469,
    42.45749438042746
   ],
   "n_crops": 1,
   "ref_yaw": 0.0,
   "ref_pitch": 0.0
  },
  {
   "idx": 24,
   "image": "data/8kpano/scenes/scene_028hf_pano/panoramas/pano_0024.jpg",
   "R_wp": [
    [
     -0.8920057876645902,
     0.247145445599255,
     -0.3784769523926397
    ],
    [
     0.1987547730910614,
     0.9664558031977135,
     0.16266444183958395
    ],
    [
     0.40598302297804933,
     0.06987352277514365,
     -0.9112055069349594
    ]
   ],
   "T": [
    24.775768201908246,
    -30.61235279999644,
    30.860381511724192
   ],
   "C": [
    15.655688888099583,
    21.305944170358792,
    42.47674810344944
   ],
   "n_crops": 1,
   "ref_yaw": 0.0,
   "ref_pitch": 0.0
  },
  {
   "idx": 25,
   "image": "data/8kpano/scenes/scene_028hf_pano/panoramas/pano_0025.jpg",
   "R_wp": [
    [
     -0.9796393918939145,
     0.1792624610316354,
     0.09039707912650151
    ],
    [
     0.18691795798249425,
     0.9787077322184388,
     0.08481068257887668
    ],
    [
     -0.07326894863020682,
     0.09998072294558626,
     -0.9922880207912934
    ]
   ],
   "T": [
    7.680116405333176,
    -27.603017550717325,
    41.19864333120593
   ],
   "C": [
    15.701825521598455,
    21.519459996987543,
    42.527690919728144
   ],
   "n_crops": 1,
   "ref_yaw": 0.0,
   "ref_pitch": 0.0
  },
  {
   "idx": 26,
   "image": "data/8kpano/scenes/scene_028hf_pano/panoramas/pano_0026.jpg",
   "R_wp": [
    [
     -0.8847844414757469,
     0.2464661363485173,
     0.39548822454769117
    ],
    [
     0.2639142285935711,
     0.964487512163849,
     -0.010635733442032261
    ],
    [
     -0.38406480191279085,
     0.09496463822615174,
     -0.9184094650090803
    ]
   ],
   "T": [
    -8.274860200605188,
    -24.753741796271413,
    43.00604938393633
   ],
   "C": [
    15.728506947778262,
    21.830093743017844,
    42.506498376534715
   ],
   "n_crops": 1,
   "ref_yaw": 0.0,
   "ref_pitch": 0.0
  },
  {
   "idx": 27,
   "image": "data/8kpano/scenes/scene_028hf_pano/panoramas/pano_0027.jpg",
   "R_wp": [
    [
     -0.9797057534981563,
     0.18156526850352012,
     0.08491578084110854
    ],
    [
     0.18877276675015142,
     0.9782182230217518,
     0.08633626515931377
    ],
    [
     -0.06739049707565206,
     0.10061392260224782,
     -0.9926405993522964
    ]
   ],
   "T": [
    7.804237438302885,
    -28.271769686938388,
    40.93312065538953
   ],
   "C": [
    15.741299852521793,
    22.12054000539658,
    42.41005350899736
   ],
   "n_crops": 1,
   "ref_yaw": 0.0,
   "ref_pitch": 0.0
  },
  {
   "idx": 28,
   "image": "data/8kpano/scenes/scene_028hf_pano/panoramas/pano_0028.jpg",
   "R_wp": [
    [
     -0.9301797685874413,
     0.06000816276641958,
     0.362166561835868
    ],
    [
     0.12180663579575626,
     0.9811107038027379,
     0.15028283454811764
    ],
    [
     -0.34630729358004414,
     0.1839043427575756,
     -0.919918719848754
    ]
   ],
   "T": [
    -2.057254048495672,
    -30.279631437756304,
    40.26538302806239
   ],
   "C": [
    15.718839765225342,
    22.426143744920736,
    42.33645707649977
   ],
   "n_crops": 1,
   "ref_yaw": 0.0,
   "ref_pitch": 0.0
  },
  {
   "idx": 29,
   "image": "data/8kpano/scenes/scene_028hf_pano/panoramas/pano_0029.jpg",
   "R_wp": [
    [
     -0.5551322021184407,
     0.31002446783252724,
     -0.7718245056463867
    ],
    [
     0.11495117548201597,
     0.9476306905477707,
     0.2979635910430296
    ],
    [
     0.8237805930139611,
     0.07668705025695755,
     -0.5616979890443384
    ]
   ],
   "T": [
    34.4298523025242,
    -35.74650560292148,
    9.119542558727407
   ],
   "C": [
    15.7097203886987,
    22.501038333002068,
    42.347389625801526
   ],
   "n_crops": 1,
   "ref_yaw": 0.0,
   "ref_pitch": 0.0
  },
  {
   "idx": 30,
   "image": "data/8kpano/scenes/scene_028hf_pano/panoramas/pano_0030.jpg",
   "R_wp": [
    [
     -0.37410251002691425,
     -0.14682319748148526,
     -0.9156911382517993
    ],
    [
     0.03315688920028469,
     0.9846391439217907,
     -0.17142455178743476
    ],
    [
     0.9267944392852832,
     -0.09449182471661532,
     -0.36348777472096894
    ]
   ],
   "T": [
    48.04115211350475,
    -15.42805966699285,
    2.9043038721077132
   ],
   "C": [
    15.792169376536636,
    22.519059999288327,
    42.40178799996485
   ],
   "n_crops": 1,
   "ref_yaw": 0.0,
   "ref_pitch": 0.0
  },
  {
   "idx": 31,
   "image": "data/8kpano/scenes/scene_028hf_pano/panoramas/pano_0031.jpg",
   "R_wp": [
    [
     0.4404054639165511,
     0.3283352226594302,
     -0.8356069703596487
    ],
    [
     -0.15002666417651098,
     0.9445556132734214,
     0.2920730961073611
    ],
    [
     0.8851751393868427,
     -0.0032672610630068103,
     0.4652464912459096
    ]
   ],
   "T": [
    21.151376809460057,
    -31.153996268286704,
    -33.54569309529299
   ],
   "C": [
    15.70470150931165,
    22.37233749994001,
    42.38049804988109
   ],
   "n_crops": 1,
   "ref_yaw": 0.0,
   "ref_pitch": 0.0
  },
  {
   "idx": 32,
   "image": "data/8kpano/scenes/scene_028hf_pano/panoramas/pano_0032.jpg",
   "R_wp": [
    [
     -0.4848373391506495,
     0.3380990982538347,
     -0.8066112783275858
    ],
    [
     0.1755872432739615,
     0.9411092459875187,
     0.28893339564033577
    ],
    [
     0.8567974524733186,
     -0.001544952021204693,
     -0.5156507912904659
    ]
   ],
   "T": [
    34.29601454372954,
    -35.89217393267883,
    8.506904391995235
   ],
   "C": [
    15.641502299306822,
    22.196147914835493,
    42.420591805106255
   ],
   "n_crops": 1,
   "ref_yaw": 0.0,
   "ref_pitch": 0.0
  },
  {
   "idx": 33,
   "image": "data/8kpano/scenes/scene_028hf_pano/panoramas/pano_0033.jpg",
   "R_wp": [
    [
     -0.5557400968825155,
     0.1767480083242063,
     -0.8123503469996423
    ],
    [
     0.005269596195614991,
     0.9778681486368107,
     0.2091557200689267
    ],
    [
     0.8313393868168087,
     0.11195546183658155,
     -0.5443719302939952
    ]
   ],
   "T": [
    39.35840754971334,
    -30.719529208549023,
    7.681825710629369
   ],
   "C": [
    15.648720463159458,
    22.223106663752393,
    42.579751572432784
   ],
   "n_crops": 1,
   "ref_yaw": 0.0,
   "ref_pitch": 0.0
  },
  {
   "idx": 34,
   "image": "data/8kpano/scenes/scene_028hf_pano/panoramas/pano_0034.jpg",
   "R_wp": [
    [
     -0.553172706331977,
     0.18141069345784797,
     -0.8130744844529926
    ],
    [
     0.023527426411453736,
     0.9790145048463315,
     0.20242791187715595
    ],
    [
     0.8327343016687916,
     0.09284804575021857,
     -0.545832229924686
    ]
   ],
   "T": [
    39.21914696156352,
    -30.54551381210676,
    8.149871905593377
   ],
   "C": [
    15.626941103179604,
    22.03302875336505,
    42.51981503048956
   ],
   "n_crops": 1,
   "ref_yaw": 0.0,
   "ref_pitch": 0.0
  },
  {
   "idx": 35,
   "image": "data/8kpano/scenes/scene_028hf_pano/panoramas/pano_0035.jpg",
   "R_wp": [
    [
     -0.578954176277864,
     0.1477311872048432,
     -0.8018650498041849
    ],
    [
     0.002599944616146208,
     0.9837784809814742,
     0.17936872817126123
    ],
    [
     0.8153559358086584,
     0.1017614695492862,
     -0.5699467530013282
    ]
   ],
   "T": [
    39.833083426839885,
    -29.51237311739927,
    9.284184141350362
   ],
   "C": [
    15.56834589079918,
    22.204276669126944,
    42.52584486292987
   ],
   "n_crops": 1,
   "ref_yaw": 0.0,
   "ref_pitch": 0.0
  },
  {
   "idx": 36,
   "image": "data/8kpano/scenes/scene_028hf_pano/panoramas/pano_0036.jpg",
   "R_wp": [
    [
     -0.45958837355865056,
     0.4152398699561796,
     -0.7850824015913804
    ],
    [
     0.196940123230741,
     0.9096116295172129,
     0.36581589810846293
    ],
    [
     0.8660214285752836,
     0.013510508717872793,
     -0.4998243205393366
    ]
   ],
   "T": [
    32.738489812001845,
    -38.39666671841403,
    7.546063186826179
   ],
   "C": [
    16.073021139463965,
    21.229777177197327,
    43.52022923115158
   ],
   "n_crops": 1,
   "ref_yaw": 0.0,
   "ref_pitch": 0.0
  },
  {
   "idx": 37,
   "image": "data/8kpano/scenes/scene_028hf_pano/panoramas/pano_0037.jpg",
   "R_wp": [
    [
     -0.6485752603704393,
     0.1688972368384907,
     -0.7421750838068742
    ],
    [
     0.1810095870854437,
     0.981321812552362,
     0.06513854152577042
    ],
    [
     0.7393143181479545,
     -0.0920935589347593,
     -0.6670330691833475
    ]
   ],
   "T": [
    44.571845889094305,
    -19.199205723785756,
    22.0575890252665
   ],
   "C": [
    16.075945462938662,
    13.343899623829124,
    49.04386302377463
   ],
   "n_crops": 1,
   "ref_yaw": 0.0,
   "ref_pitch": 0.0
  },
  {
   "idx": 38,
   "image": "data/8kpano/scenes/scene_028hf_pano/panoramas/pano_0038.jpg",
   "R_wp": [
    [
     -0.8258831877973853,
     0.1709706863046035,
     -0.5372950628268993
    ],
    [
     0.09181346945027825,
     0.9809792794837795,
     0.1710261385022408
    ],
    [
     0.5563157798778777,
     0.09191668862626472,
     -0.8258717063871671
    ]
   ],
   "T": [
    36.88771203304788,
    -21.691870564999764,
    32.43397899707721
   ],
   "C": [
    14.41301277954284,
    11.991334166626942,
    50.31576799320103
   ],
   "n_crops": 1,
   "ref_yaw": 0.0,
   "ref_pitch": 0.0
  },
  {
   "idx": 39,
   "image": "data/8kpano/scenes/scene_028hf_pano/panoramas/pano_0039.jpg",
   "R_wp": [
    [
     -0.4732129648120111,
     -0.23963617431139814,
     -0.8477287265954978
    ],
    [
     -0.25016433747782824,
     0.9592303054754389,
     -0.13151055209288542
    ],
    [
     0.8446817709576229,
     0.1498389969897468,
     -0.5138686415738958
    ]
   ],
   "T": [
    52.227649284155575,
    -1.4861581165223705,
    11.799945319227126
   ],
   "C": [
    14.375818292862158,
    12.173110000662186,
    50.14305501816974
   ],
   "n_crops": 1,
   "ref_yaw": 0.0,
   "ref_pitch": 0.0
  },
  {
   "idx": 40,
   "image": "data/8kpano/scenes/scene_028hf_pano/panoramas/pano_0040.jpg",
   "R_wp": [
    [
     -0.684829015776957,
     -0.1404748531653517,
     -0.7150356877653994
    ],
    [
     -0.009923415084989602,
     0.9829500671018172,
     -0.18360471512895263
    ],
    [
     0.7286362226673988,
     -0.11864224042349236,
     -0.6745467172881943
    ]
   ],
   "T": [
    47.225583014779076,
    -2.5315644768595993,
    24.676491027377253
   ],
   "C": [
    14.336142559511712,
    12.050082493329176,
    49.948616073199005
   ],
   "n_crops": 1,
   "ref_yaw": 0.0,
   "ref_pitch": 0.0
  },
  {
   "idx": 41,
   "image": "data/8kpano/scenes/scene_028hf_pano/panoramas/pano_0041.jpg",
   "R_wp": [
    [
     0.12781448112671362,
     -0.21658860410578784,
     -0.967859925291783
    ],
    [
     0.1140474522935183,
     0.9726001830865091,
     -0.20258840659190347
    ],
    [
     0.9852190807326394,
     -0.08448822658569108,
     0.14901376623902307
    ]
   ],
   "T": [
    47.8173638570048,
    -3.480674247325053,
    -20.363000989257753
   ],
   "C": [
    14.347227595535106,
    12.021566658475004,
    48.60973342999785
   ],
   "n_crops": 1,
   "ref_yaw": 0.0,
   "ref_pitch": 0.0
  },
  {
   "idx": 42,
   "image": "data/8kpano/scenes/scene_028hf_pano/panoramas/pano_0042.jpg",
   "R_wp": [
    [
     0.2072911430946392,
     -0.257936715975933,
     -0.9436625628613593
    ],
    [
     0.28092211050882865,
     0.9396825484546698,
     -0.19513963194851652
    ],
    [
     0.9370769177723797,
     -0.22464496139750842,
     0.2672479962449275
    ]
   ],
   "T": [
    34.932893480355716,
    -9.170088325954605,
    -21.064146973260968
   ],
   "C": [
    15.073527066141132,
    12.895493307867827,
    36.80476720018582
   ],
   "n_crops": 1,
   "ref_yaw": 0.0,
   "ref_pitch": 0.0
  },
  {
   "idx": 43,
   "image": "data/8kpano/scenes/scene_028hf_pano/panoramas/pano_0043.jpg",
   "R_wp": [
    [
     -0.5415414779821663,
     -0.2687410498872541,
     -0.7965620350797468
    ],
    [
     -0.040078613050102116,
     0.954703632669651,
     -0.2948468730431985
    ],
    [
     0.839718126754967,
     -0.12774670983187078,
     -0.5277823848199756
    ]
   ],
   "T": [
    29.51573430257653,
    -6.45804394462853,
    -0.8081220799306102
   ],
   "C": [
    16.403759692777555,
    13.994372501691135,
    21.180466721312694
   ],
   "n_crops": 1,
   "ref_yaw": 0.0,
   "ref_pitch": 0.0
  },
  {
   "idx": 44,
   "image": "data/8kpano/scenes/scene_028hf_pano/panoramas/pano_0044.jpg",
   "R_wp": [
    [
     -0.16752139024928867,
     -0.12097725195280727,
     -0.9784176451387685
    ],
    [
     0.4654642182070524,
     0.865157778977458,
     -0.18666836647833265
    ],
    [
     0.8690682627836798,
     -0.4866893485425163,
     -0.08862185191823968
    ]
   ],
   "T": [
    22.043566010899777,
    -16.549001746351948,
    -5.608971745311553
   ],
   "C": [
    16.270316314871412,
    14.254440829687828,
    17.98156136058036
   ],
   "n_crops": 1,
   "ref_yaw": 0.0,
   "ref_pitch": 0.0
  },
  {
   "idx": 45,
   "image": "data/8kpano/scenes/scene_028hf_pano/panoramas/pano_0045.jpg",
   "R_wp": [
    [
     -0.4463761954967191,
     -0.13794050143031464,
     -0.8841497102634988
    ],
    [
     0.09091391665180208,
     0.9759440877676895,
     -0.19816103883034497
    ],
    [
     0.8902151154933868,
     -0.1688358836753779,
     -0.42309749766531385
    ]
   ],
   "T": [
    16.727260389438136,
    -14.742371860893368,
    -4.766121550824007
   ],
   "C": [
    13.049811067153808,
    15.890404999248538,
    9.851504602323578
   ],
   "n_crops": 1,
   "ref_yaw": 0.0,
   "ref_pitch": 0.0
  },
  {
   "idx": 46,
   "image": "data/8kpano/scenes/scene_028hf_pano/panoramas/pano_0046.jpg",
   "R_wp": [
    [
     -0.7621946495828025,
     -0.0808174242439916,
     -0.6422833176145215
    ],
    [
     0.06803086349166287,
     0.9766822297966705,
     -0.20362618596826487
    ],
    [
     0.643763246667537,
     -0.19889787816357,
     -0.7389238907371328
    ]
   ],
   "T": [
    16.779973746535816,
    -14.751055603858791,
    1.620105837909083
   ],
   "C": [
    12.750168665736151,
    16.08544374966883,
    8.970930924943744
   ],
   "n_crops": 1,
   "ref_yaw": 0.0,
   "ref_pitch": 0.0
  },
  {
   "idx": 47,
   "image": "data/8kpano/scenes/scene_028hf_pano/panoramas/pano_0047.jpg",
   "R_wp": [
    [
     -0.32086735173825404,
     0.17972070041818078,
     -0.9299164545429223
    ],
    [
     0.5523706760369098,
     0.8330732294000016,
     -0.029591057966549945
    ],
    [
     0.7693703781944081,
     -0.5231533850585801,
     -0.366578445709431
    ]
   ],
   "T": [
    7.108975169280526,
    -19.325304277327,
    3.323473409047731
   ],
   "C": [
    10.398787430788033,
    16.56045001086741,
    7.257210502404753
   ],
   "n_crops": 1,
   "ref_yaw": 0.0,
   "ref_pitch": 0.0
  },
  {
   "idx": 48,
   "image": "data/8kpano/scenes/scene_028hf_pano/panoramas/pano_0048.jpg",
   "R_wp": [
    [
     -0.8036124555593311,
     0.4130644067054284,
     -0.42846798851605566
    ],
    [
     0.3785040979379319,
     0.9102882388209342,
     0.1676602818453861
    ],
    [
     0.4592838655059576,
     -0.02744299869500979,
     -0.8878655375159751
    ]
   ],
   "T": [
    -4.434919778771352,
    -17.40494564987364,
    0.701778670109824
   ],
   "C": [
    2.7015708588993936,
    17.69468374072992,
    1.6409820324755093
   ],
   "n_crops": 1,
   "ref_yaw": 0.0,
   "ref_pitch": 0.0
  },
  {
   "idx": 49,
   "image": "data/8kpano/scenes/scene_028hf_pano/panoramas/pano_0049.jpg",
   "R_wp": [
    [
     -0.3811748511127513,
     -0.14024677768418276,
     -0.9138033564330873
    ],
    [
     -0.17820606137443476,
     0.9810359564914595,
     -0.07623025488805808
    ],
    [
     0.907164997433534,
     0.13378824096343644,
     -0.398939060523442
    ]
   ],
   "T": [
    4.960727830536774,
    -16.369329463458413,
    -4.304512230930636
   ],
   "C": [
    2.878693788117128,
    17.330520000090594,
    1.5680535191303602
   ],
   "n_crops": 1,
   "ref_yaw": 0.0,
   "ref_pitch": 0.0
  },
  {
   "idx": 50,
   "image": "data/8kpano/scenes/scene_028hf_pano/panoramas/pano_0050.jpg",
   "R_wp": [
    [
     0.19990379550231424,
     0.04798339532103848,
     -0.9786399063584288
    ],
    [
     0.04298645072069474,
     0.9974089827055629,
     0.057684367663094364
    ],
    [
     0.9788721252534504,
     -0.05359958014498562,
     0.19732320545256443
    ]
   ],
   "T": [
    2.330621607774512,
    -17.931355125186233,
    -6.623221008822558
   ],
   "C": [
    6.788191633099705,
    17.418061670714252,
    4.622113393609771
   ],
   "n_crops": 1,
   "ref_yaw": 0.0,
   "ref_pitch": 0.0
  },
  {
   "idx": 51,
   "image": "data/8kpano/scenes/scene_028hf_pano/panoramas/pano_0051.jpg",
   "R_wp": [
    [
     0.15468310725758053,
     0.05227450716918356,
     -0.9865802107428261
    ],
    [
     -0.04563004760140953,
     0.997911577395201,
     0.045720700525197944
    ],
    [
     0.9869098414166478,
     0.037945481955572714,
     0.15674535181027333
    ]
   ],
   "T": [
    13.767383134019152,
    -16.988970535372914,
    -25.65866151963476
   ],
   "C": [
    22.417996435102488,
    17.207437494631847,
    18.381251314692907
   ],
   "n_crops": 1,
   "ref_yaw": 0.0,
   "ref_pitch": 0.0
  },
  {
   "idx": 52,
   "image": "data/8kpano/scenes/scene_028hf_pano/panoramas/pano_0052.jpg",
   "R_wp": [
    [
     0.2175361953559449,
     0.6282302720587088,
     -0.7469971412121343
    ],
    [
     -0.2790470261018908,
     0.7734109842031771,
     0.5691820506108429
    ],
    [
     0.93531318868802,
     0.08462963300708266,
     0.3435506720752201
    ]
   ],
   "T": [
    5.45512627956728,
    -24.023397601814153,
    -52.31207914495538
   ],
   "C": [
    41.03783247827543,
    19.580036176271193,
    35.72050039332964
   ],
   "n_crops": 1,
   "ref_yaw": 0.0,
   "ref_pitch": 0.0
  },
  {
   "idx": 53,
   "image": "data/8kpano/scenes/scene_028hf_pano/panoramas/pano_0053.jpg",
   "R_wp": [
    [
     0.14586954153588289,
     0.15574343706890134,
     -0.9769677879347288
    ],
    [
     -0.13846352487514005,
     0.9810244257163432,
     0.13571635283587036
    ],
    [
     0.9795661943591473,
     0.11547752143982047,
     0.16466636848747543
    ]
   ],
   "T": [
    31.40545679771373,
    -19.753751491783145,
    -55.78969827065498
   ],
   "C": [
    47.33342877356328,
    20.930175006745756,
    42.54971377727373
   ],
   "n_crops": 1,
   "ref_yaw": 0.0,
   "ref_pitch": 0.0
  },
  {
   "idx": 54,
   "image": "data/8kpano/scenes/scene_028hf_pano/panoramas/pano_0054.jpg",
   "R_wp": [
    [
     0.18152698676378595,
     0.013664934405407113,
     -0.9832910162531523
    ],
    [
     -0.1521711928175959,
     0.9882498444170997,
     -0.014358728566559726
    ],
    [
     0.9715409827449024,
     0.1522350635605149,
     0.18147342579506123
    ]
   ],
   "T": [
    33.096041967509585,
    -12.995961257437763,
    -57.03474568164885
   ],
   "C": [
    47.426157171629306,
    21.073689582152518,
    42.70672594823127
   ],
   "n_crops": 1,
   "ref_yaw": 0.0,
   "ref_pitch": 0.0
  },
  {
   "idx": 55,
   "image": "data/8kpano/scenes/scene_028hf_pano/panoramas/pano_0055.jpg",
   "R_wp": [
    [
     0.3686773666658538,
     0.03448559878695419,
     -0.9289175112918469
    ],
    [
     0.08791788845324011,
     0.9935382850527579,
     0.07177827682766391
    ],
    [
     0.9253904279806746,
     -0.10813149222465325,
     0.3632631775875641
    ]
   ],
   "T": [
    21.698032128186448,
    -28.488307691659244,
    -57.630017096754
   ],
   "C": [
    47.83532469670476,
    21.32433499198302,
    43.135386775281546
   ],
   "n_crops": 1,
   "ref_yaw": 0.0,
   "ref_pitch": 0.0
  },
  {
   "idx": 56,
   "image": "data/8kpano/scenes/scene_028hf_pano/panoramas/pano_0056.jpg",
   "R_wp": [
    [
     0.3293880817369629,
     0.1597691181388161,
     -0.9305790243170052
    ],
    [
     0.030129922662082604,
     0.9832991444215124,
     0.17948532068193968
    ],
    [
     0.9437137698317329,
     -0.08715859951299532,
     0.319073187781287
    ]
   ],
   "T": [
    24.99290267988953,
    -35.69940940944784,
    -69.55641765205331
   ],
   "C": [
    58.484605292230995,
    25.047664758074184,
    51.85897884759927
   ],
   "n_crops": 1,
   "ref_yaw": 0.0,
   "ref_pitch": 0.0
  },
  {
   "idx": 57,
   "image": "data/8kpano/scenes/scene_028hf_pano/panoramas/pano_0057.jpg",
   "R_wp": [
    [
     -0.33950660929850485,
     0.0923866315157935,
     -0.9360555392495672
    ],
    [
     0.1419921221238281,
     0.9887941250082294,
     0.0460913831858149
    ],
    [
     0.9298244455258231,
     -0.11726418322051614,
     -0.3488203145406256
    ]
   ],
   "T": [
    82.35745164138463,
    -45.99862925347056,
    -38.59757868238728
   ],
   "C": [
    70.38131433670964,
    33.34833328841127,
    65.74766971784348
   ],
   "n_crops": 1,
   "ref_yaw": 0.0,
   "ref_pitch": 0.0
  },
  {
   "idx": 58,
   "image": "data/8kpano/scenes/scene_028hf_pano/panoramas/pano_0058.jpg",
   "R_wp": [
    [
     0.22333395645561196,
     0.12357723660876375,
     -0.9668767297261969
    ],
    [
     0.09744474126167628,
     0.9841312693626495,
     0.1482908192138179
    ],
    [
     0.9698589929955428,
     -0.12733542812117082,
     0.20774797821126983
    ]
   ],
   "T": [
    58.13399876059405,
    -55.95166349437534,
    -91.15642773388599
   ],
   "C": [
    80.8777806316383,
    36.27229994632897,
    83.44309218618325
   ],
   "n_crops": 1,
   "ref_yaw": 0.0,
   "ref_pitch": 0.0
  },
  {
   "idx": 59,
   "image": "data/8kpano/scenes/scene_028hf_pano/panoramas/pano_0059.jpg",
   "R_wp": [
    [
     0.3530228222674648,
     0.0662373921846988,
     -0.933267107978678
    ],
    [
     0.10011603107851627,
     0.9890893335347113,
     0.10806974881504179
    ],
    [
     0.9302428001760619,
     -0.13158608651537218,
     0.342539683184546
    ]
   ],
   "T": [
    65.30720733777761,
    -60.44269696341334,
    -117.31861731098797
   ],
   "C": [
    92.1311473590269,
    40.01995002431568,
    107.66737760618614
   ],
   "n_crops": 1,
   "ref_yaw": 0.0,
   "ref_pitch": 0.0
  },
  {
   "idx": 60,
   "image": "data/8kpano/scenes/scene_028hf_pano/panoramas/pano_0060.jpg",
   "R_wp": [
    [
     0.2332928223047048,
     0.25531058067275186,
     -0.9382915146465136
    ],
    [
     -0.19693174206821,
     0.9573268525477473,
     0.21152585269182614
    ],
    [
     0.9522564507668543,
     0.1354319193822722,
     0.273616240719275
    ]
   ],
   "T": [
    89.23535107172667,
    -50.06191635837962,
    -139.13987228387927
   ],
   "C": [
    101.82009364059722,
    43.98686748722663,
    132.3890910506719
   ],
   "n_crops": 1,
   "ref_yaw": 0.0,
   "ref_pitch": 0.0
  },
  {
   "idx": 61,
   "image": "data/8kpano/scenes/scene_028hf_pano/panoramas/pano_0061.jpg",
   "R_wp": [
    [
     0.17789958956523777,
     0.018174863698487552,
     -0.9838807907272413
    ],
    [
     0.05980159011087282,
     0.9977818006068294,
     0.029244626822793836
    ],
    [
     0.9822298640607153,
     -0.0640402428737954,
     0.1764180870544008
    ]
   ],
   "T": [
    117.80260817091907,
    -55.69888132680895,
    -125.6016278901704
   ],
   "C": [
    105.74351591578558,
    45.39072499978616,
    139.69101519908736
   ],
   "n_crops": 1,
   "ref_yaw": 0.0,
   "ref_pitch": 0.0
  },
  {
   "idx": 62,
   "image": "data/8kpano/scenes/scene_028hf_pano/panoramas/pano_0062.jpg",
   "R_wp": [
    [
     -0.5000345052206304,
     0.09281035865194252,
     -0.8610178458752512
    ],
    [
     0.15561807999364102,
     0.9876862609876704,
     0.016089221090156276
    ],
    [
     0.8519087432159927,
     -0.12594477830816572,
     -0.5083201806431209
    ]
   ],
   "T": [
    169.0094910692611,
    -63.76324614526307,
    -13.285586753975693
   ],
   "C": [
    105.75139869816275,
    45.61900041350762,
    139.79275703885398
   ],
   "n_crops": 1,
   "ref_yaw": 0.0,
   "ref_pitch": 0.0
  },
  {
   "idx": 63,
   "image": "data/8kpano/scenes/scene_028hf_pano/panoramas/pano_0063.jpg",
   "R_wp": [
    [
     0.3724134995779015,
     0.1944164850702187,
     -0.9074747465715411
    ],
    [
     -0.18208670652995548,
     0.9741135069851632,
     0.13396755881234906
    ],
    [
     0.9100289097810107,
     0.11534776045510253,
     0.3981736775840135
    ]
   ],
   "T": [
    85.71170176262991,
    -46.17212406202396,
    -164.61431977476838
   ],
   "C": [
    109.47626514683024,
    47.30101503379447,
    149.51186066873856
   ],
   "n_crops": 1,
   "ref_yaw": 0.0,
   "ref_pitch": 0.0
  },
  {
   "idx": 64,
   "image": "data/8kpano/scenes/scene_028hf_pano/panoramas/pano_0064.jpg",
   "R_wp": [
    [
     0.03073064377632037,
     0.049948880201967624,
     -0.9982788873354295
    ],
    [
     0.11075087442368149,
     0.9924304958808422,
     0.05306556944097936
    ],
    [
     0.9933729769565323,
     -0.11219099880237719,
     0.024966145882819275
    ]
   ],
   "T": [
    154.0424271925616,
    -69.00838804999132,
    -110.75329934173539
   ],
   "C": [
    112.92825103746853,
    48.36625875672095,
    160.2043552566854
   ],
   "n_crops": 1,
   "ref_yaw": 0.0,
   "ref_pitch": 0.0
  },
  {
   "idx": 65,
   "image": "data/8kpano/scenes/scene_028hf_pano/panoramas/pano_0065.jpg",
   "R_wp": [
    [
     -0.38937561573757384,
     0.08697424838607665,
     -0.9169635270754573
    ],
    [
     0.0015746529314404477,
     0.9955932399402257,
     0.0937636446255644
    ],
    [
     0.921077711345319,
     0.03506537755394495,
     -0.38779668508107273
    ]
   ],
   "T": [
    205.95476475403427,
    -63.51217050353473,
    -39.914205562916386
   ],
   "C": [
    117.05785807571243,
    46.71913342906632,
    179.32954348640342
   ],
   "n_crops": 1,
   "ref_yaw": 0.0,
   "ref_pitch": 0.0
  },
  {
   "idx": 66,
   "image": "data/8kpano/scenes/scene_028hf_pano/panoramas/pano_0066.jpg",
   "R_wp": [
    [
     -0.8068755327142414,
