{
 "scene_dir": "data/8kpano/scenes/scene_026hf_pano",
 "point_cloud": "/w/p3_pano/gps_init_scene_026hf.ply",
 "cameras_extent": 619.7247943414974,
 "cameras": [
  {
   "idx": 1,
   "image": "data/8kpano/scenes/scene_026hf_pano/panoramas/pano_0001.jpg",
   "R_wp": [
    [
     -0.011746890744117429,
     -0.15838152029381217,
     -0.9873081102610608
    ],
    [
     -0.2625187344767155,
     0.9532295014812872,
     -0.14979129332000757
    ],
    [
     0.9648553905153816,
     0.2574272936872805,
     -0.05277559908000006
    ]
   ],
   "T": [
    0.0,
    0.0,
    0.0
   ],
   "C": [
    0.0,
    0.0,
    0.0
   ],
   "n_crops": 1,
   "ref_yaw": 0.0,
   "ref_pitch": 0.0
  },
  {
   "idx": 2,
   "image": "data/8kpano/scenes/scene_026hf_pano/panoramas/pano_0002.jpg",
   "R_wp": [
    [
     -0.41631920697476904,
     0.017835446600324874,
     -0.9090435714246416
    ],
    [
     -0.1744327518801934,
     0.979668835605001,
     0.09910695039120353
    ],
    [
     0.8923292738532133,
     0.19982709873515284,
     -0.40474386670546275
    ]
   ],
   "T": [
    0.009171313839670786,
    0.07448109473900895,
    -0.0075493084835373085
   ],
   "C": [
    0.023546605380231934,
    -0.071621825424071,
    -0.0021000065804901453
   ],
   "n_crops": 1,
   "ref_yaw": 0.0,
   "ref_pitch": 0.0
  },
  {
   "idx": 3,
   "image": "data/8kpano/scenes/scene_026hf_pano/panoramas/pano_0003.jpg",
   "R_wp": [
    [
     -0.53557408320447,
     -0.17731393626674954,
     -0.8256634722483991
    ],
    [
     0.01138598297735194,
     0.9761036264406835,
     -0.21700707325104865
    ],
    [
     0.8444114878371392,
     -0.12562435454535734,
     -0.5207569113835472
    ]
   ],
   "T": [
    0.022232956837818826,
    0.17189517907778798,
    0.051995181679639395
   ],
   "C": [
    -0.033955128829995865,
    -0.15731343343576387,
    0.08273626027701332
   ],
   "n_crops": 1,
   "ref_yaw": 0.0,
   "ref_pitch": 0.0
  },
  {
   "idx": 4,
   "image": "data/8kpano/scenes/scene_026hf_pano/panoramas/pano_0004.jpg",
   "R_wp": [
    [
     -0.3649067968827517,
     -0.041004062688372915,
     -0.9301406863651426
    ],
    [
     -0.08477002103750231,
     0.996343453768178,
     -0.010666098940098593
    ],
    [
     0.92717693733293,
     0.07495591355154381,
     -0.3670484135663603
    ]
   ],
   "T": [
    0.7232255883369939,
    0.3173433820203956,
    1.7678912829950704
   ],
   "C": [
    -1.3483368872712758,
    -0.4190417200873766,
    1.324988051824358
   ],
   "n_crops": 1,
   "ref_yaw": 0.0,
   "ref_pitch": 0.0
  },
  {
   "idx": 5,
   "image": "data/8kpano/scenes/scene_026hf_pano/panoramas/pano_0005.jpg",
   "R_wp": [
    [
     -0.8549314285986085,
     0.0691843839043666,
     -0.5141067723908298
    ],
    [
     -0.07558987336712125,
     0.9638728209527186,
     0.25541212984702
    ],
    [
     0.5132040758204143,
     0.25722112287372817,
     -0.8188155289861652
    ]
   ],
   "T": [
    -1.329609505731932,
    -0.48514730731841044,
    4.707429847709483
   ],
   "C": [
    -3.5892693622214664,
    -0.6512418731070712,
    3.294867916437233
   ],
   "n_crops": 1,
   "ref_yaw": 0.0,
   "ref_pitch": 0.0
  },
  {
   "idx": 6,
   "image": "data/8kpano/scenes/scene_026hf_pano/panoramas/pano_0006.jpg",
   "R_wp": [
    [
     -0.6028183599936553,
     -0.1543054946363764,
     -0.7828153289119878
    ],
    [
     0.019476441487576806,
     0.9779828823056645,
     -0.20777427690666073
    ],
    [
     0.7976407042532001,
     -0.1404966058028732,
     -0.5865407152758719
    ]
   ],
   "T": [
    0.3196643459627508,
    1.4701028696207337,
    4.799282576882288
   ],
   "C": [
    -3.664035970273678,
    -0.7141265643552889,
    3.3706623462956857
   ],
   "n_crops": 1,
   "ref_yaw": 0.0,
   "ref_pitch": 0.0
  },
  {
   "idx": 7,
   "image": "data/8kpano/scenes/scene_026hf_pano/panoramas/pano_0007.jpg",
   "R_wp": [
    [
     -0.26227307763267094,
     -0.06915004600395747,
     -0.9625129110233993
    ],
    [
     0.10925721034388296,
     0.9888877405790732,
     -0.1008161619993935
    ],
    [
     0.9587886601003162,
     -0.1316028406610817,
     -0.2518034900333485
    ]
   ],
   "T": [
    4.709445088246082,
    1.9307750694966772,
    7.004528346743787
   ],
   "C": [
    -5.691652788867515,
    -0.6618456236130934,
    6.491319717130954
   ],
   "n_crops": 1,
   "ref_yaw": 0.0,
   "ref_pitch": 0.0
  },
  {
   "idx": 8,
   "image": "data/8kpano/scenes/scene_026hf_pano/panoramas/pano_0008.jpg",
   "R_wp": [
    [
     -0.39727013794156607,
     0.04497959558718398,
     -0.916598752716096
    ],
    [
     -0.05148316130311967,
     0.9961328130513578,
     0.07119622788200027
    ],
    [
     0.9162564715199157,
     0.07547353670792252,
     -0.3934181282740693
    ]
   ],
   "T": [
    10.327513130451937,
    -1.0984370810238286,
    15.019117508957633
   ],
   "C": [
    -9.715102061596205,
    -0.5038840611817873,
    15.453183329468363
   ],
   "n_crops": 1,
   "ref_yaw": 0.0,
   "ref_pitch": 0.0
  },
  {
   "idx": 9,
   "image": "data/8kpano/scenes/scene_026hf_pano/panoramas/pano_0009.jpg",
   "R_wp": [
    [
     -0.7033466649536442,
     -0.18144462235021652,
     -0.6873000203104708
    ],
    [
     -0.11046662489704621,
     0.9830278162181418,
     -0.1464699195235896
    ],
    [
     0.7022112172861108,
     -0.02709541587757675,
     -0.7114529111304415
    ]
   ],
   "T": [
    9.723021164284361,
    2.1507065653922424,
    28.913479958302897
   ],
   "C": [
    -13.227134152901538,
    0.4334082888913695,
    27.5682259484899
   ],
   "n_crops": 1,
   "ref_yaw": 0.0,
   "ref_pitch": 0.0
  },
  {
   "idx": 10,
   "image": "data/8kpano/scenes/scene_026hf_pano/panoramas/pano_0010.jpg",
   "R_wp": [
    [
     -0.14840478059942017,
     -0.2833190143792105,
     -0.9474736709726721
    ],
    [
     0.1282380005366637,
     0.9444801136536685,
     -0.3025100496365572
    ],
    [
     0.9805768895469628,
     -0.1663960666721014,
     -0.10383310012927996
    ]
   ],
   "T": [
    29.41778570048331,
    9.014857694442348,
    15.822529593040064
   ],
   "C": [
    -12.305514146364857,
    2.453070919145995,
    32.24256475766916
   ],
   "n_crops": 1,
   "ref_yaw": 0.0,
   "ref_pitch": 0.0
  },
  {
   "idx": 11,
   "image": "data/8kpano/scenes/scene_026hf_pano/panoramas/pano_0011.jpg",
   "R_wp": [
    [
     -0.10870159223002424,
     -0.3011196814231011,
     -0.9473705195467655
    ],
    [
     0.08824573371311,
     0.9463321628270608,
     -0.3109149852941996
    ],
    [
     0.9901498140827439,
     -0.11739836054522876,
     -0.07629528565514483
    ]
   ],
   "T": [
    34.13447291563806,
    4.202081621243743,
    9.479658486399892
   ],
   "C": [
    -6.046626307803283,
    7.414892985726978,
    34.36773673815011
   ],
   "n_crops": 1,
   "ref_yaw": 0.0,
   "ref_pitch": 0.0
  },
  {
   "idx": 12,
   "image": "data/8kpano/scenes/scene_026hf_pano/panoramas/pano_0012.jpg",
   "R_wp": [
    [
     -0.2849139719368133,
     -0.01532196304120039,
     -0.9584306266202858
    ],
    [
     -0.033657509603402844,
     0.9994155843176052,
     -0.005971756056345925
    ],
    [
     0.9579620037571877,
     0.030556951282216197,
     -0.28526316286168246
    ]
   ],
   "T": [
    37.2435122521163,
    -13.83728343311266,
    6.793481835976889
   ],
   "C": [
    3.6375710325123576,
    14.19225233242546,
    37.55062001956517
   ],
   "n_crops": 1,
   "ref_yaw": 0.0,
   "ref_pitch": 0.0
  },
  {
   "idx": 13,
   "image": "data/8kpano/scenes/scene_026hf_pano/panoramas/pano_0013.jpg",
   "R_wp": [
    [
     -0.25154693905630043,
     0.05145133473231107,
     -0.9664765375350144
    ],
    [
     0.02772148290484759,
     0.9985592888841076,
     0.04594416142255294
    ],
    [
     0.9674480124724854,
     -0.015235049639861532,
     -0.2526108398812469
    ]
   ],
   "T": [
    41.78233372001613,
    -25.148476507751386,
    -2.4663742939168465
   ],
   "C": [
    13.593460124154586,
    22.92491264517493,
    40.9140380062092
   ],
   "n_crops": 1,
   "ref_yaw": 0.0,
   "ref_pitch": 0.0
  },
  {
   "idx": 14,
   "image": "data/8kpano/scenes/scene_026hf_pano/panoramas/pano_0014.jpg",
   "R_wp": [
    [
     -0.29645581420025835,
     0.07809588371859677,
     -0.9518481933444396
    ],
    [
     -0.0447952116759968,
     0.9944171534820581,
     0.09554011655604995
    ],
    [
     0.9539954608056395,
     0.07096166434669052,
     -0.29130242524802846
    ]
   ],
   "T": [
    47.03847505587934,
    -34.69340653582774,
    -11.64937180275165
   ],
   "C": [
    23.50417875295774,
    31.652866105406254,
    44.69460934501807
   ],
   "n_crops": 1,
   "ref_yaw": 0.0,
   "ref_pitch": 0.0
  },
  {
   "idx": 15,
   "image": "data/8kpano/scenes/scene_026hf_pano/panoramas/pano_0015.jpg",
   "R_wp": [
    [
     -0.9142713135590448,
     0.07318800664179527,
     -0.3984362946404602
    ],
    [
     0.039183786420216984,
     0.9949097220797005,
     0.09284005489586893
    ],
    [
     0.4032029217215491,
     0.06926875626928522,
     -0.9124852016992455
    ]
   ],
   "T": [
    44.39780112651428,
    -43.63662131402598,
    28.605704298578218
   ],
   "C": [
    30.76758045365071,
    38.18363066133682,
    47.8432035459339
   ],
   "n_crops": 1,
   "ref_yaw": 0.0,
   "ref_pitch": 0.0
  },
  {
   "idx": 16,
   "image": "data/8kpano/scenes/scene_026hf_pano/panoramas/pano_0016.jpg",
   "R_wp": [
    [
     -0.5878413802778432,
     0.02130082367052646,
     -0.8086957317458761
    ],
    [
     -0.039067238547468165,
     0.997739468674261,
     0.05467818140610362
    ],
    [
     0.8080323400120292,
     0.0637356066932814,
     -0.5856803820635655
    ]
   ],
   "T": [
    57.17854588022883,
    -40.958378535660906,
    0.1381819716849774
   ],
   "C": [
    31.90012908581545,
    39.63903360259828,
    48.560506122420236
   ],
   "n_crops": 1,
   "ref_yaw": 0.0,
   "ref_pitch": 0.0
  },
  {
   "idx": 17,
   "image": "data/8kpano/scenes/scene_026hf_pano/panoramas/pano_0017.jpg",
   "R_wp": [
    [
     -0.3779244941624938,
     -0.13170373746603656,
     -0.916420865241239
    ],
    [
     -0.07174996826658418,
     0.9910197080978936,
     -0.11283563362391248
    ],
    [
     0.9230520130338092,
     0.023109818239072794,
     -0.3839803608717376
    ]
   ],
   "T": [
    61.81916333821946,
    -31.74197017335087,
    -11.650839897011391
   ],
   "C": [
    31.83982190195937,
    39.86798166666558,
    48.59705212980587
   ],
   "n_crops": 1,
   "ref_yaw": 0.0,
   "ref_pitch": 0.0
  },
  {
   "idx": 18,
   "image": "data/8kpano/scenes/scene_026hf_pano/panoramas/pano_0018.jpg",
   "R_wp": [
    [
     -0.24141000222485431,
     0.02012044388093059,
     -0.9702146043859734
    ],
    [
     0.20193443429283492,
     0.9789411787942237,
     -0.029944159828054873
    ],
    [
     0.9491805387135941,
     -0.2031485569700404,
     -0.24038920260353167
    ]
   ],
   "T": [
    54.100207626952816,
    -44.07581104765568,
    -9.792507363012183
   ],
   "C": [
    31.255612627674736,
    40.06977249188431,
    48.814985372937144
   ],
   "n_crops": 1,
   "ref_yaw": 0.0,
   "ref_pitch": 0.0
  },
  {
   "idx": 19,
   "image": "data/8kpano/scenes/scene_026hf_pano/panoramas/pano_0019.jpg",
   "R_wp": [
    [
     -0.11037084073970199,
     0.034372418075665975,
     -0.9932959349509308
    ],
    [
     0.1897405695154403,
     0.9817496483335254,
     0.012889696542391912
    ],
    [
     0.9756109848676202,
     -0.18704588975069805,
     -0.11487837626377788
    ]
   ],
   "T": [
    51.570152554062446,
    -44.57773746418375,
    -11.569408733581279
   ],
   "C": [
    25.437288637535858,
    39.82757688469033,
    50.469941515563505
   ],
   "n_crops": 1,
   "ref_yaw": 0.0,
   "ref_pitch": 0.0
  },
  {
   "idx": 20,
   "image": "data/8kpano/scenes/scene_026hf_pano/panoramas/pano_0020.jpg",
   "R_wp": [
    [
     -0.5306960362348084,
     0.08438633260557528,
     -0.8433508546234152
    ],
    [
     0.12559161719474538,
     0.9918760149687291,
     0.020216741086586547
    ],
    [
     0.8382055015418783,
     -0.09518885333448851,
     -0.53698288556135
    ]
   ],
   "T": [
    48.626209191023214,
    -41.217268078524306,
    22.221299785258314
   ],
   "C": [
    12.356264097716968,
    38.894252193643176,
    53.77469159499812
   ],
   "n_crops": 1,
   "ref_yaw": 0.0,
   "ref_pitch": 0.0
  },
  {
   "idx": 21,
   "image": "data/8kpano/scenes/scene_026hf_pano/panoramas/pano_0021.jpg",
   "R_wp": [
    [
     -0.606331146162973,
     -0.1155726570232609,
     -0.7867690271873186
    ],
    [
     -0.0015001128776923854,
     0.9895468887525518,
     -0.14420369142812806
    ],
    [
     0.7952108467909942,
     -0.08625494715509548,
     -0.6001664712704485
    ]
   ],
   "T": [
    45.03286283834122,
    -27.715556161429284,
    40.09117233955994
   ],
   "C": [
    -4.6176842279239185,
    36.0884719327147,
    55.49515361044904
   ],
   "n_crops": 1,
   "ref_yaw": 0.0,
   "ref_pitch": 0.0
  },
  {
   "idx": 22,
   "image": "data/8kpano/scenes/scene_026hf_pano/panoramas/pano_0022.jpg",
   "R_wp": [
    [
     -0.5455681533850993,
     -0.11494851270571328,
     -0.8301459085237476
    ],
    [
     -0.04033705151460184,
     0.993002633540191,
     -0.11098960337506081
    ],
    [
     0.837095163220456,
     -0.027066754681518226,
     -0.5463872971656
    ]
   ],
   "T": [
    37.36804675592217,
    -26.7615304395285,
    50.369645088842816
   ],
   "C": [
    -22.856851244713635,
    32.233014428343424,
    55.57201371404329
   ],
   "n_crops": 1,
   "ref_yaw": 0.0,
   "ref_pitch": 0.0
  },
  {
   "idx": 23,
   "image": "data/8kpano/scenes/scene_026hf_pano/panoramas/pano_0023.jpg",
   "R_wp": [
    [
     -0.43740524035615347,
     -0.12869573740102877,
     -0.8900079004614407
    ],
    [
     -0.10293193856466254,
     0.9903668260166815,
     -0.0926205482005194
    ],
    [
     0.8933541692589207,
     0.0510975253847942,
     -0.44643854131028415
    ]
   ],
   "T": [
    35.17774928783551,
    -27.382926829683505,
    60.62637769976803
   ],
   "C": [
    -41.59247314487324,
    28.54851084256515,
    55.83820471753615
   ],
   "n_crops": 1,
   "ref_yaw": 0.0,
   "ref_pitch": 0.0
  },
  {
   "idx": 24,
   "image": "data/8kpano/scenes/scene_026hf_pano/panoramas/pano_0024.jpg",
   "R_wp": [
    [
     -0.7864057754513859,
     -0.044952651987878026,
     -0.6160724108544076
    ],
    [
     0.05431805139051489,
     0.9884526395500051,
     -0.14145998960754033
    ],
    [
     0.6153174023460104,
     -0.14470880569573105,
     -0.7748831240414734
    ]
   ],
   "T": [
    -7.638248648759686,
    -15.164946935066165,
    82.5753293284165
   ],
   "C": [
    -55.99306962499258,
    26.595849580344133,
    57.13528166317668
   ],
   "n_crops": 1,
   "ref_yaw": 0.0,
   "ref_pitch": 0.0
  },
  {
   "idx": 25,
   "image": "data/8kpano/scenes/scene_026hf_pano/panoramas/pano_0025.jpg",
   "R_wp": [
    [
     -0.17054838082970566,
     -0.1411801742079325,
     -0.9751827563113409
    ],
    [
     0.042909429177173414,
     0.9876793123778379,
     -0.1504937101294613
    ],
    [
     0.9844145624095848,
     -0.06751099400437742,
     -0.1623891468186412
    ]
   ],
   "T": [
    52.44869906543729,
    -14.13249056343389,
    73.77442799754947
   ],
   "C": [
    -63.07316344906153,
    26.34366999913543,
    61.00038240087171
   ],
   "n_crops": 1,
   "ref_yaw": 0.0,
   "ref_pitch": 0.0
  },
  {
   "idx": 26,
   "image": "data/8kpano/scenes/scene_026hf_pano/panoramas/pano_0026.jpg",
   "R_wp": [
    [
     -0.1669520204650525,
     -0.08921870465026521,
     -0.9819200810672764
    ],
    [
     0.07556434861310238,
     0.9918105569147971,
     -0.10296527769611055
    ],
    [
     0.9830651311491597,
     -0.09138841246508449,
     -0.15884302309449236
    ]
   ],
   "T": [
    56.81044198820169,
    -13.36916013108712,
    86.71868550915882
   ],
   "C": [
    -74.75526599289113,
    26.253311199633945,
    68.1814126821169
   ],
   "n_crops": 1,
   "ref_yaw": 0.0,
   "ref_pitch": 0.0
  },
  {
   "idx": 27,
   "image": "data/8kpano/scenes/scene_026hf_pano/panoramas/pano_0027.jpg",
   "R_wp": [
    [
     -0.40015417431494543,
     -0.07546301351522547,
     -0.9133356285449099
    ],
    [
     0.0803002714433338,
     0.9898838720166023,
     -0.11696916827756593
    ],
    [
     0.9129230543613471,
     -0.12014679984343966,
     -0.39004646300528034
    ]
   ],
   "T": [
    36.86783514632498,
    -9.54415526360903,
    114.73935637712087
   ],
   "C": [
    -89.22898728913395,
    26.015329794200184,
    77.31001560576082
   ],
   "n_crops": 1,
   "ref_yaw": 0.0,
   "ref_pitch": 0.0
  },
  {
   "idx": 28,
   "image": "data/8kpano/scenes/scene_026hf_pano/panoramas/pano_0028.jpg",
   "R_wp": [
    [
     -0.2915235236832549,
     -0.058458368881973234,
     -0.9547757088693443
    ],
    [
     0.09112359202627617,
     0.9918944907101465,
     -0.08855399638123439
    ],
    [
     0.9522134876778042,
     -0.11281816523290068,
     -0.283833640497307
    ]
   ],
   "T": [
    54.08482585479603,
    -8.223997247324332,
    127.45264829544865
   ],
   "C": [
    -104.84573156620591,
    25.69802219674004,
    87.08595927882908
   ],
   "n_crops": 1,
   "ref_yaw": 0.0,
   "ref_pitch": 0.0
  },
  {
   "idx": 29,
   "image": "data/8kpano/scenes/scene_026hf_pano/panoramas/pano_0029.jpg",
   "R_wp": [
    [
     -0.24297914167464485,
     0.02522133992569256,
     -0.969703573636504
    ],
    [
     0.07450776083545704,
     0.9971939559502679,
     0.007266896967846547
    ],
    [
     0.967165823572328,
     -0.07048473755791136,
     -0.24417651706307322
    ]
   ],
   "T": [
    63.2211415074444,
    -16.623606752442576,
    143.2703164044192
   ],
   "C": [
    -121.96614714344427,
    25.080808930784595,
    96.40981574480737
   ],
   "n_crops": 1,
   "ref_yaw": 0.0,
   "ref_pitch": 0.0
  },
  {
   "idx": 30,
   "image": "data/8kpano/scenes/scene_026hf_pano/panoramas/pano_0030.jpg",
   "R_wp": [
    [
     -0.16174602640235214,
     -0.08864755347407945,
     -0.9828427311661364
    ],
    [
     0.05715017983552425,
     0.9934440549294578,
     -0.09900892217413408
    ],
    [
     0.9851761669304718,
     -0.0721839385762287,
     -0.15561940471485694
    ]
   ],
   "T": [
    82.48544875762832,
    -5.868013599674046,
    156.42421163158275
   ],
   "C": [
    -140.42835362526372,
    24.432992138665814,
    104.83188073370259
   ],
   "n_crops": 1,
   "ref_yaw": 0.0,
   "ref_pitch": 0.0
  },
  {
   "idx": 31,
   "image": "data/8kpano/scenes/scene_026hf_pano/panoramas/pano_0031.jpg",
   "R_wp": [
    [
     -0.8626932107860791,
     -0.049131727186429726,
     -0.5033353727359965
    ],
    [
     -0.006551551792305649,
     0.9962719250976612,
     -0.08601934916815698
    ],
    [
     0.5056851799615237,
     -0.0709106807602271,
     -0.8597989149338365
    ]
   ],
   "T": [
    -79.1309232752307,
    -15.236649017370729,
    178.7800514283374
   ],
   "C": [
    -158.77195644802342,
    23.969421867336138,
    112.57485483624032
   ],
   "n_crops": 1,
   "ref_yaw": 0.0,
   "ref_pitch": 0.0
  },
  {
   "idx": 32,
   "image": "data/8kpano/scenes/scene_026hf_pano/panoramas/pano_0032.jpg",
   "R_wp": [
    [
     -0.28080390053346865,
     -0.07001248508581272,
     -0.9572081390049397
    ],
    [
     0.07714165158039792,
     0.9924626439272736,
     -0.09522114261199742
    ],
    [
     0.9566599892525237,
     -0.10057908500774272,
     -0.27328650281776984
    ]
   ],
   "T": [
    68.90068417955219,
    2.061840498665959,
    199.7666608400882
   ],
   "C": [
    -171.92024452661082,
    22.869956413208957,
    120.74215860841402
   ],
   "n_crops": 1,
   "ref_yaw": 0.0,
   "ref_pitch": 0.0
  },
  {
   "idx": 33,
   "image": "data/8kpano/scenes/scene_026hf_pano/panoramas/pano_0033.jpg",
   "R_wp": [
    [
     -0.20271147538904985,
     -0.06765155486543249,
     -0.9768988304168887
    ],
    [
     0.10563894017853903,
     0.990277941177189,
     -0.0904986935586519
    ],
    [
     0.9735237398561735,
     -0.12154368079895041,
     -0.19359406394384432
    ]
   ],
   "T": [
    90.47271645775763,
    6.861435617404578,
    210.28577185907653
   ],
   "C": [
    -187.10316800990879,
    24.884798335943923,
    129.71371901530068
   ],
   "n_crops": 1,
   "ref_yaw": 0.0,
   "ref_pitch": 0.0
  },
  {
   "idx": 34,
   "image": "data/8kpano/scenes/scene_026hf_pano/panoramas/pano_0034.jpg",
   "R_wp": [
    [
     -0.21452501928967518,
     -0.10091529087527282,
     -0.9714911837820888
    ],
    [
     0.055295939412589326,
     0.9917979717072184,
     -0.11523516130906766
    ],
    [
     0.9751519754290833,
     -0.07844034284095569,
     -0.20718527320190902
    ]
   ],
   "T": [
    93.62957047939055,
    -0.019335285050317574,
    229.83405592833122
   ],
   "C": [
    -204.03617908346473,
    27.496094179495515,
    138.57630582595394
   ],
   "n_crops": 1,
   "ref_yaw": 0.0,
   "ref_pitch": 0.0
  },
  {
   "idx": 35,
   "image": "data/8kpano/scenes/scene_026hf_pano/panoramas/pano_0035.jpg",
   "R_wp": [
    [
     -0.2992821607015367,
     -0.03976067312088016,
     -0.9533358679703576
    ],
    [
     0.0910608389950519,
     0.9933808166002559,
     -0.0700176892801068
    ],
    [
     0.9498095134748533,
     -0.10776660931653631,
     -0.2936805169381866
    ]
   ],
   "T": [
    75.23586045394867,
    0.6580477056929287,
    256.51351070364876
   ],
   "C": [
    -221.1821442984411,
    29.98132777964758,
    147.10413973322693
   ],
   "n_crops": 1,
   "ref_yaw": 0.0,
   "ref_pitch": 0.0
  },
  {
   "idx": 36,
   "image": "data/8kpano/scenes/scene_026hf_pano/panoramas/pano_0036.jpg",
   "R_wp": [
    [
     -0.22408104450888208,
     -0.08757445105705214,
     -0.9706278385735004
    ],
    [
     -0.0356877941258073,
     0.9960238153669025,
     -0.08162683732935062
    ],
    [
     0.9739168685479488,
     0.01634853950707055,
     -0.22631539588314215
    ]
   ],
   "T": [
    98.97002397374992,
    -27.671088500749857,
    264.5710698256832
   ],
   "C": [
    -236.48044159555482,
    31.902958077003337,
    153.68086342025745
   ],
   "n_crops": 1,
   "ref_yaw": 0.0,
   "ref_pitch": 0.0
  },
  {
   "idx": 37,
   "image": "data/8kpano/scenes/scene_026hf_pano/panoramas/pano_0037.jpg",
   "R_wp": [
    [
     -0.800484379462718,
     -0.004099547311192585,
     -0.5993395965127208
    ],
    [
     -0.0531564238611907,
     0.996521613209515,
     0.06417997357894828
    ],
    [
     0.5969917527390785,
     0.08323381595330312,
     -0.7979179024457183
    ]
   ],
   "T": [
    -105.24468642530138,
    -56.89733724449375,
    272.8844178466887
   ],
   "C": [
    -250.18093338552484,
    33.55475931538101,
    158.31372400216694
   ],
   "n_crops": 1,
   "ref_yaw": 0.0,
   "ref_pitch": 0.0
  },
  {
   "idx": 38,
   "image": "data/8kpano/scenes/scene_026hf_pano/panoramas/pano_0038.jpg",
   "R_wp": [
    [
     -0.5988460109284026,
     -0.02965210365795183,
     -0.8003150679225017
    ],
    [
     0.09607038177706012,
     0.9894384459637781,
     -0.10854512146565498
    ],
    [
     0.7950810882798999,
     -0.14188838711269494,
     -0.5896725775056939
    ]
   ],
   "T": [
    -24.871253491447483,
    7.599716657915181,
    302.9347893381409
   ],
   "C": [
    -256.48188060567696,
    34.725991833108566,
    159.55241128557824
   ],
   "n_crops": 1,
   "ref_yaw": 0.0,
   "ref_pitch": 0.0
  },
  {
   "idx": 39,
   "image": "data/8kpano/scenes/scene_026hf_pano/panoramas/pano_0039.jpg",
   "R_wp": [
    [
     -0.12780826612642232,
     -0.0021362519389685254,
     -0.9917965938323298
    ],
    [
     0.1714865561883202,
     0.9848886992431569,
     -0.024220056766909824
    ],
    [
     0.9768609973565469,
     -0.17317530577647508,
     -0.12551057848961106
    ]
   ],
   "T": [
    124.4405242849678,
    14.188064359309449,
    280.5063428188009
   ],
   "C": [
    -260.5442404620428,
    34.86894374955799,
    158.9698372019282
   ],
   "n_crops": 1,
   "ref_yaw": 0.0,
   "ref_pitch": 0.0
  },
  {
   "idx": 40,
   "image": "data/8kpano/scenes/scene_026hf_pano/panoramas/pano_0040.jpg",
   "R_wp": [
    [
     -0.1488480216166309,
     -0.046076905160650994,
     -0.9877860017593039
    ],
    [
     0.11495574317836124,
     0.9913347938092605,
     -0.06356495648909914
    ],
    [
     0.9821555088534227,
     -0.12301319195097295,
     -0.14226141794213784
    ]
   ],
   "T": [
    116.67130355942918,
    7.081837338752056,
    294.22949606275205
   ],
   "C": [
    -272.4269255852884,
    34.549490307880056,
    157.55394245560294
   ],
   "n_crops": 1,
   "ref_yaw": 0.0,
   "ref_pitch": 0.0
  },
  {
   "idx": 41,
   "image": "data/8kpano/scenes/scene_026hf_pano/panoramas/pano_0041.jpg",
   "R_wp": [
    [
     -0.19111998065151287,
     -0.07154940671976491,
     -0.9789554818242837
    ],
    [
     0.07805966646879349,
     0.9930731158309083,
     -0.08782069849797397
    ],
    [
     0.9784578894702346,
     -0.09320122859673599,
     -0.18421099185855608
    ]
   ],
   "T": [
    99.38742968630659,
    2.2763305820226436,
    315.74750344730415
   ],
   "C": [
    -290.1284017958998,
    34.27860417334797,
    155.65993884445155
   ],
   "n_crops": 1,
   "ref_yaw": 0.0,
   "ref_pitch": 0.0
  },
  {
   "idx": 42,
   "image": "data/8kpano/scenes/scene_026hf_pano/panoramas/pano_0042.jpg",
   "R_wp": [
    [
     -0.6930216248760731,
     0.17178642568628155,
     -0.7001503062943414
    ],
    [
     0.10679476569053906,
     0.9849422499478553,
     0.13595455964681402
    ],
    [
     0.7129627658407068,
     0.019447061926882666,
     -0.7009321695479395
    ]
   ],
   "T": [
    -112.17427840867232,
    -22.19088145452241,
    327.5943444045611
   ],
   "C": [
    -308.9319005671258,
    34.75600754737501,
    154.09951068526956
   ],
   "n_crops": 1,
   "ref_yaw": 0.0,
   "ref_pitch": 0.0
  },
  {
   "idx": 43,
   "image": "data/8kpano/scenes/scene_026hf_pano/panoramas/pano_0043.jpg",
   "R_wp": [
    [
     -0.07434142633230811,
     0.08888850532926441,
     -0.9932634020999708
    ],
    [
     0.12141437637563138,
     0.9894165697237406,
     0.07945691137605791
    ],
    [
     0.9898140742281829,
     -0.11468951641905004,
     -0.08434698147159728
    ]
   ],
   "T": [
    123.40998820241663,
    -7.974810196929921,
    332.8711098879138
   ],
   "C": [
    -319.3377783176178,
    35.097506578146614,
    151.28895186025363
   ],
   "n_crops": 1,
   "ref_yaw": 0.0,
   "ref_pitch": 0.0
  },
  {
   "idx": 44,
   "image": "data/8kpano/scenes/scene_026hf_pano/panoramas/pano_0044.jpg",
   "R_wp": [
    [
     -0.13034039664010863,
     -0.059313446083650044,
     -0.9896935364633751
    ],
    [
     0.05845476446480142,
     0.9960128298275386,
     -0.06739052849105286
    ],
    [
     0.9897446243931128,
     -0.06663601077961362,
     -0.126353553777943
    ]
   ],
   "T": [
    101.1237100319477,
    -5.955484736880345,
    348.712741336707
   ],
   "C": [
    -331.6079302625402,
    35.16656091923481,
    143.74123305351782
   ],
   "n_crops": 1,
   "ref_yaw": 0.0,
   "ref_pitch": 0.0
  },
  {
   "idx": 45,
   "image": "data/8kpano/scenes/scene_026hf_pano/panoramas/pano_0045.jpg",
   "R_wp": [
    [
     -0.5668914911650265,
     0.030543305131367937,
     -0.8232260587204134
    ],
    [
     0.10995401880392751,
     0.9931764175606873,
     -0.03886794759418284
    ],
    [
     0.8164215522593451,
     -0.11255092231061811,
     -0.5663816194876657
    ]
   ],
   "T": [
    -87.58409497097593,
    7.297464491920526,
    362.54555444587737
   ],
   "C": [
    -346.44306807382947,
    36.2322746284891,
    133.52126642300115
   ],
   "n_crops": 1,
   "ref_yaw": 0.0,
   "ref_pitch": 0.0
  },
  {
   "idx": 46,
   "image": "data/8kpano/scenes/scene_026hf_pano/panoramas/pano_0046.jpg",
   "R_wp": [
    [
     -0.14112698979009025,
     0.025122848950666028,
     -0.9896726808462434
    ],
    [
     0.06418596279873412,
     0.9978068375361004,
     0.01617643798261431
    ],
    [
     0.9879085660790614,
     -0.06124016187770826,
     -0.14243000962158536
    ]
   ],
   "T": [
    72.52444661299502,
    -18.79700467024959,
    375.596490856435
   ],
   "C": [
    -359.6133300271316,
    39.935348968431306,
    125.57574389319585
   ],
   "n_crops": 1,
   "ref_yaw": 0.0,
   "ref_pitch": 0.0
  },
  {
   "idx": 47,
   "image": "data/8kpano/scenes/scene_026hf_pano/panoramas/pano_0047.jpg",
   "R_wp": [
    [
     -0.1628511836353037,
     -0.01634723890397683,
     -0.9865152101051446
    ],
    [
     0.05674991265684507,
     0.9980522526151246,
     -0.025906533216852354
    ],
    [
     0.9850172279721918,
     -0.060203561606368076,
     -0.1616062862882732
    ]
   ],
   "T": [
    55.75632201878808,
    -21.873090540767475,
    388.45758215957903
   ],
   "C": [
    -372.3161317499739,
    46.12847918132065,
    117.21499101773638
   ],
   "n_crops": 1,
   "ref_yaw": 0.0,
   "ref_pitch": 0.0
  },
  {
   "idx": 48,
   "image": "data/8kpano/scenes/scene_026hf_pano/panoramas/pano_0048.jpg",
   "R_wp": [
    [
     -0.2685707883656809,
     -0.011474338537222545,
     -0.9631916066867331
    ],
    [
     0.0511107758721676,
     0.9983507137291027,
     -0.0261446167754713
    ],
    [
     0.9619030201773886,
     -0.056251150670225764,
     -0.26754137590640803
    ]
   ],
   "T": [
    1.0147271639858293,
    -29.95276933528543,
    401.8125790305194
   ],
   "C": [
    -384.701297960068,
    52.51743189128554,
    107.69576326212047
   ],
   "n_crops": 1,
   "ref_yaw": 0.0,
   "ref_pitch": 0.0
  },
  {
   "idx": 49,
   "image": "data/8kpano/scenes/scene_026hf_pano/panoramas/pano_0049.jpg",
   "R_wp": [
    [
     -0.6598969387361032,
     0.02890660483597821,
     -0.7507998657722154
    ],
    [
     -0.04432954384264949,
     0.9960210932543029,
     0.0773102408171496
    ],
    [
     0.7500472797027014,
     0.08429940681499246,
     -0.6559898537486827
    ]
   ],
   "T": [
    -189.43902036651056,
    -83.2984122324634,
    356.65158449230876
   ],
   "C": [
    -396.208360984223,
    58.37749750804651,
    98.16884999652738
   ],
   "n_crops": 1,
   "ref_yaw": 0.0,
   "ref_pitch": 0.0
  },
  {
   "idx": 50,
   "image": "data/8kpano/scenes/scene_026hf_pano/panoramas/pano_0050.jpg",
   "R_wp": [
    [
     -0.6345201860072025,
     0.09184499896175852,
     -0.767429885862611
    ],
    [
     0.04326235851802668,
     0.9955783239037501,
     0.08337966963509166
    ],
    [
     0.7716945651518112,
     0.01970525662644081,
     -0.635687974541318
    ]
   ],
   "T": [
    -189.44953472872473,
    -51.10738975526224,
    368.4515336997765
   ],
   "C": [
    -402.3305738745026,
    61.0209697261452,
    93.09229163436875
   ],
   "n_crops": 1,
   "ref_yaw": 0.0,
   "ref_pitch": 0.0
  },
  {
   "idx": 51,
   "image": "data/8kpano/scenes/scene_026hf_pano/panoramas/pano_0051.jpg",
   "R_wp": [
    [
     -0.14486593285205598,
     0.02233482984658778,
     -0.9891991795764026
    ],
    [
     0.18191314523118027,
     0.9833045828610992,
     -0.004439022016045447
    ],
    [
     0.9725849418385024,
     -0.180591397082152,
     -0.14651033481947107
    ]
   ],
   "T": [
    30.08279369218045,
    13.271889143841888,
    416.5850425856472
   ],
   "C": [
    -403.22069854025386,
    61.50947134728063,
    90.85080311778182
   ],
   "n_crops": 1,
   "ref_yaw": 0.0,
   "ref_pitch": 0.0
  },
  {
   "idx": 52,
   "image": "data/8kpano/scenes/scene_026hf_pano/panoramas/pano_0052.jpg",
   "R_wp": [
    [
     -0.22104523937644713,
     0.08380124690588815,
     -0.9716564995748386
    ],
    [
     0.13573025860217472,
     0.9892489549820624,
     0.0544408115909738
    ],
    [
     0.96577238469983,
     -0.119849305729802,
     -0.23004313697063122
    ]
   ],
   "T": [
    -15.376263542058716,
    -11.772258036748157,
    415.57830655563293
   ],
   "C": [
    -403.15505037946076,
    62.74101553526972,
    81.30138216896229
   ],
   "n_crops": 1,
   "ref_yaw": 0.0,
   "ref_pitch": 0.0
  },
  {
   "idx": 53,
   "image": "data/8kpano/scenes/scene_026hf_pano/panoramas/pano_0053.jpg",
   "R_wp": [
    [
     -0.2763716154267485,
     0.04861891203632741,
     -0.9598202600376875
    ],
    [
     0.07352318726919413,
     0.9968622727995046,
     0.02932490413940313
    ],
    [
     0.9582343508350077,
     -0.062464473594276204,
     -0.27907905406605055
    ]
   ],
   "T": [
    -52.573570283488486,
    -36.69497739634896,
    408.9006806723266
   ],
   "C": [
    -403.65458915308835,
    64.67767412723754,
    64.73051396293498
   ],
   "n_crops": 1,
   "ref_yaw": 0.0,
   "ref_pitch": 0.0
  },
  {
   "idx": 54,
   "image": "data/8kpano/scenes/scene_026hf_pano/panoramas/pano_0054.jpg",
   "R_wp": [
    [
     -0.2482151646032704,
     -0.004467916832858118,
     -0.968694621529482
    ],
    [
     0.07009389251227671,
     0.9972852519796487,
     -0.022560417025536943
    ],
    [
     0.9661656577903444,
     -0.0734994143042204,
     -0.24722814929430642
    ]
   ],
   "T": [
    -55.97973704311451,
    -37.33270469954802,
    407.5122882192693
   ],
   "C": [
    -405.00260305922046,
    66.93315750982549,
    45.67899725612513
   ],
   "n_crops": 1,
   "ref_yaw": 0.0,
   "ref_pitch": 0.0
  },
  {
   "idx": 55,
   "image": "data/8kpano/scenes/scene_026hf_pano/panoramas/pano_0055.jpg",
   "R_wp": [
    [
     -0.7079660710590704,
     -0.09129582708009723,
     -0.7003207223743597
    ],
    [
     -0.11543084233503481,
     0.993233176563206,
     -0.012789746361337073
    ],
    [
     0.696749426169127,
     0.07178390440707455,
     -0.7137137438785024
    ]
   ],
   "T": [
    -263.58645739119953,
    -115.59193276837992,
    297.44284436361016
   ],
   "C": [
    -407.1962739186737,
    69.3937902276105,
    26.215596290795396
   ],
   "n_crops": 1,
   "ref_yaw": 0.0,
   "ref_pitch": 0.0
  },
  {
   "idx": 56,
   "image": "data/8kpano/scenes/scene_026hf_pano/panoramas/pano_0056.jpg",
   "R_wp": [
    [
     -0.8062838639393686,
     -0.01675317058093304,
     -0.5912915203404229
    ],
    [
     0.08463260007395686,
     0.9860477634594236,
     -0.14334270536511562
    ],
    [
     0.5854431259787098,
     -0.16561744911740084,
     -0.7936165363650898
    ]
   ],
   "T": [
    -321.4862789453095,
    -33.139713777228806,
    263.44087273410196
   ],
   "C": [
    -410.6341470928523,
    70.92183151660551,
    14.228586082223714
   ],
   "n_crops": 1,
   "ref_yaw": 0.0,
   "ref_pitch": 0.0
  },
  {
   "idx": 57,
   "image": "data/8kpano/scenes/scene_026hf_pano/panoramas/pano_0057.jpg",
   "R_wp": [
    [
     -0.21330726577947623,
     -0.1301856851866306,
     -0.9682725327810203
    ],
    [
     0.05163991850104592,
     0.9881943395733204,
     -0.14424030661522602
    ],
    [
     0.9756194592067591,
     -0.08076902009890062,
     -0.2040662544601002
    ]
   ],
   "T": [
    -70.09831942000352,
    -48.16932656138293,
    412.22498101736005
   ],
   "C": [
    -414.6397338050106,
    71.76986588195292,
    9.298972149935818
   ],
   "n_crops": 1,
   "ref_yaw": 0.0,
   "ref_pitch": 0.0
  },
  {
   "idx": 58,
   "image": "data/8kpano/scenes/scene_026hf_pano/panoramas/pano_0058.jpg",
   "R_wp": [
    [
     -0.405929594450743,
     -0.04486354377868665,
     -0.912802512479383
    ],
    [
     0.08209435527914613,
     0.9929664998759556,
     -0.08531147024518303
    ],
    [
     0.9102096907747997,
     -0.10956638427780374,
     -0.39939144489577155
    ]
   ],
   "T": [
    -168.1690842639383,
    -38.27673891592128,
    394.8167188585758
   ],
   "C": [
    -424.4885075559079,
    73.72149873167152,
    0.9158123033460623
   ],
   "n_crops": 1,
   "ref_yaw": 0.0,
   "ref_pitch": 0.0
  },
  {
   "idx": 59,
   "image": "data/8kpano/scenes/scene_026hf_pano/panoramas/pano_0059.jpg",
   "R_wp": [
    [
     -0.7164381665870833,
     -0.12328280004008395,
     -0.6866714677861719
    ],
    [
     -0.009827564408293424,
     0.9859484623217141,
     -0.16676045281555216
    ],
    [
     0.6975813733430243,
     -0.11272524499740012,
     -0.7075826783529517
    ]
   ],
   "T": [
    -308.65039127633605,
    -79.90399297239165,
    309.6889563432642
   ],
   "C": [
    -437.9474295549221,
    75.639698011264,
    -6.135702074647501
   ],
   "n_crops": 1,
   "ref_yaw": 0.0,
   "ref_pitch": 0.0
  },
  {
   "idx": 60,
   "image": "data/8kpano/scenes/scene_026hf_pano/panoramas/pano_0060.jpg",
   "R_wp": [
    [
     0.018707190827270338,
     -0.08121185552807306,
     -0.9965212870446071
    ],
    [
     0.14373949371157507,
     0.9865603872136206,
     -0.07770173954584957
    ],
    [
     0.9894387292596204,
     -0.14178588400330416,
     0.030129124423213558
    ]
   ],
   "T": [
    5.129571039538978,
    -10.3647479276529,
    456.4632098731027
   ],
   "C": [
    -450.24851457533975,
    75.36207143790432,
    -9.446469054510965
   ],
   "n_crops": 1,
   "ref_yaw": 0.0,
   "ref_pitch": 0.0
  },
  {
   "idx": 61,
   "image": "data/8kpano/scenes/scene_026hf_pano/panoramas/pano_0061.jpg",
   "R_wp": [
    [
     -0.13711677829395005,
     -0.09537043495825784,
     -0.9859530765945005
    ],
    [
     0.10528661973779793,
     0.988312536981247,
     -0.11024090415938767
    ],
    [
     0.984943509453449,
     -0.11892354426926464,
     -0.12547300029871072
    ]
   ],
   "T": [
    -67.94509103004114,
    -25.10857489023826,
    465.6399679604598
   ],
   "C": [
    -465.3018791910685,
    73.71072180822621,
    -11.333419699621707
   ],
   "n_crops": 1,
   "ref_yaw": 0.0,
   "ref_pitch": 0.0
  },
  {
   "idx": 62,
   "image": "data/8kpano/scenes/scene_026hf_pano/panoramas/pano_0062.jpg",
   "R_wp": [
    [
     -0.24569149998826312,
     -0.05147387620892975,
     -0.9679804372514692
    ],
    [
     0.10556850728595979,
     0.9912286229096591,
     -0.0795053922324424
    ],
    [
     0.9635823665379787,
     -0.12172204891739277,
     -0.2381024269183757
    ]
   ],
   "T": [
    -127.64590805264037,
    -21.027426744247165,
    471.94620322625644
   ],
   "C": [
    -483.90071994673207,
    71.71881642083974,
    -12.85899933801135
   ],
   "n_crops": 1,
   "ref_yaw": 0.0,
   "ref_pitch": 0.0
  },
  {
   "idx": 63,
   "image": "data/8kpano/scenes/scene_026hf_pano/panoramas/pano_0063.jpg",
   "R_wp": [
    [
     -0.09757349136874369,
     -0.09646054133389427,
     -0.9905426683125196
    ],
    [
     0.13185217710160418,
     0.9852655590067714,
     -0.1089347585880716
    ],
    [
     0.9864554815984758,
     -0.1412343520558877,
     -0.08341726813839453
    ]
   ],
   "T": [
    -56.568728458913874,
    -3.548514046956299,
    505.29134653587346
   ],
   "C": [
    -503.4991476300472,
    69.40407443384176,
    -14.270272009797141
   ],
   "n_crops": 1,
   "ref_yaw": 0.0,
   "ref_pitch": 0.0
  },
  {
   "idx": 64,
   "image": "data/8kpano/scenes/scene_026hf_pano/panoramas/pano_0064.jpg",
   "R_wp": [
    [
     -0.030534670685951726,
     -0.07996554643017764,
     -0.9963298375890508
    ],
    [
     0.14420575744946607,
     0.9860136493208204,
     -0.08355706356415298
    ],
    [
     0.9890765053344086,
     -0.1462278863184496,
     -0.018576109881040612
    ]
   ],
   "T": [
    -26.910043499245003,
    7.375630626670649,
    527.1933688590542
   ],
   "C": [
    -523.3198726241676,
    67.66602320623905,
    -16.401791283536898
   ],
   "n_crops": 1,
   "ref_yaw": 0.0,
   "ref_pitch": 0.0
  },
  {
   "idx": 65,
   "image": "data/8kpano/scenes/scene_026hf_pano/panoramas/pano_0065.jpg",
   "R_wp": [
    [
     0.0209545157881405,
     -0.07595364890227826,
     -0.9968911432481053
    ],
    [
     0.15350067868797848,
     0.9855320631873017,
     -0.07186163143228917
    ],
    [
     0.9879263383018062,
     -0.1515176413762097,
     0.03231028383310493
    ]
   ],
   "T": [
    -2.5137870810866327,
    16.720959875432488,
    547.5544363047659
   ],
   "C": [
    -543.4574527775915,
    66.29418332809904,
