{
 "scene_dir": "data/8kpano/scenes/scene_021hf_pano",
 "point_cloud": "/w/p3_pano/gps_init_scene_021hf.ply",
 "cameras_extent": 264.1188925907442,
 "cameras": [
  {
   "idx": 1,
   "image": "data/8kpano/scenes/scene_021hf_pano/panoramas/pano_0001.jpg",
   "R_wp": [
    [
     -0.17352783416716341,
     0.055601132288137,
     -0.9832581577884474
    ],
    [
     0.12413234831051363,
     0.9916771498643796,
     0.034170023994404115
    ],
    [
     0.9769745395209495,
     -0.11612469386456065,
     -0.17898548712868162
    ]
   ],
   "T": [
    0.0,
    0.0,
    0.0
   ],
   "C": [
    0.0,
    0.0,
    0.0
   ],
   "n_crops": 1,
   "ref_yaw": 0.0,
   "ref_pitch": 0.0
  },
  {
   "idx": 2,
   "image": "data/8kpano/scenes/scene_021hf_pano/panoramas/pano_0002.jpg",
   "R_wp": [
    [
     -0.10667083373460855,
     0.0037507525044762876,
     -0.9942873151589606
    ],
    [
     0.0940697533158448,
     0.9955454426244108,
     -0.006336653759038538
    ],
    [
     0.9898344380458076,
     -0.09420829860164134,
     -0.10654849474828076
    ]
   ],
   "T": [
    -0.049784813273474886,
    0.035989786574524674,
    -0.031447586714724945
   ],
   "C": [
    0.022431766439507752,
    -0.038605361131744675,
    -0.052623046536909
   ],
   "n_crops": 1,
   "ref_yaw": 0.0,
   "ref_pitch": 0.0
  },
  {
   "idx": 3,
   "image": "data/8kpano/scenes/scene_021hf_pano/panoramas/pano_0003.jpg",
   "R_wp": [
    [
     -0.14702868534443722,
     -0.05009645524920098,
     -0.9878627996120473
    ],
    [
     0.08091886105411682,
     0.9947598526340026,
     -0.06248978727185628
    ],
    [
     0.98581676979629,
     -0.08912452389237259,
     -0.14220448526458973
    ]
   ],
   "T": [
    -0.12979010144622474,
    0.03393121565177556,
    -0.07873677489041371
   ],
   "C": [
    0.05579148977556239,
    -0.04727281266527194,
    -0.13729118107332933
   ],
   "n_crops": 1,
   "ref_yaw": 0.0,
   "ref_pitch": 0.0
  },
  {
   "idx": 4,
   "image": "data/8kpano/scenes/scene_021hf_pano/panoramas/pano_0004.jpg",
   "R_wp": [
    [
     -0.6335747070105957,
     0.014897046058223513,
     -0.7735380848123619
    ],
    [
     0.06749025591693184,
     0.9970674659662829,
     -0.0360767746319222
    ],
    [
     0.770732220678949,
     -0.0750636152227873,
     -0.6327221330702608
    ]
   ],
   "T": [
    -0.023986414512659853,
    -0.0431504355682627,
    -0.28010386684756283
   ],
   "C": [
    0.20360012370851888,
    0.022355613285695547,
    -0.1973390497959221
   ],
   "n_crops": 1,
   "ref_yaw": 0.0,
   "ref_pitch": 0.0
  },
  {
   "idx": 5,
   "image": "data/8kpano/scenes/scene_021hf_pano/panoramas/pano_0005.jpg",
   "R_wp": [
    [
     -0.18162601596824776,
     0.02302180375571896,
     -0.9830981572942423
    ],
    [
     0.11685851327815601,
     0.993147172738216,
     0.0016676799773017773
    ],
    [
     0.9763995484420916,
     -0.11458049499771293,
     -0.18307165801444636
    ]
   ],
   "T": [
    -0.2169845099996003,
    -0.6446046364064131,
    -1.322185358276663
   ],
   "C": [
    1.3268986941626895,
    0.4936859941581486,
    -0.4542967434387234
   ],
   "n_crops": 1,
   "ref_yaw": 0.0,
   "ref_pitch": 0.0
  },
  {
   "idx": 6,
   "image": "data/8kpano/scenes/scene_021hf_pano/panoramas/pano_0006.jpg",
   "R_wp": [
    [
     0.24117107974154842,
     0.024353715484706648,
     -0.9701769976856727
    ],
    [
     0.027993510566415036,
     0.9990945431875793,
     0.032038369792645335
    ],
    [
     0.9700787976563882,
     -0.034885388272058296,
     0.24027096375268484
    ]
   ],
   "T": [
    -3.1714869809011894,
    -2.4341618322414402,
    -5.334257089897182
   ],
   "C": [
    6.007661378698941,
    2.3231076657001806,
    -1.7172500485192308
   ],
   "n_crops": 1,
   "ref_yaw": 0.0,
   "ref_pitch": 0.0
  },
  {
   "idx": 7,
   "image": "data/8kpano/scenes/scene_021hf_pano/panoramas/pano_0007.jpg",
   "R_wp": [
    [
     -0.19512739227621445,
     0.06294116448558303,
     -0.9787562059045571
    ],
    [
     0.04803204160159717,
     0.9973544902179867,
     0.054561376646872974
    ],
    [
     0.9796010533697211,
     -0.036365239655724475,
     -0.19763437348223384
    ]
   ],
   "T": [
    -0.9040958569624916,
    -5.967051644318074,
    -12.454107487803338
   ],
   "C": [
    12.310252619713818,
    5.555273993374945,
    -3.02067860913006
   ],
   "n_crops": 1,
   "ref_yaw": 0.0,
   "ref_pitch": 0.0
  },
  {
   "idx": 8,
   "image": "data/8kpano/scenes/scene_021hf_pano/panoramas/pano_0008.jpg",
   "R_wp": [
    [
     0.11755012354103118,
     0.0268993506191361,
     -0.9927025704569103
    ],
    [
     -0.011494979658999222,
     0.9996029619261212,
     0.025725161829697654
    ],
    [
     0.993000419888193,
     0.008387099903644286,
     0.1178126591546033
    ]
   ],
   "T": [
    -7.103653622769288,
    -9.668705270307902,
    -19.01770112228103
   ],
   "C": [
    19.608478990271394,
    10.015453454916472,
    -4.56256026297288
   ],
   "n_crops": 1,
   "ref_yaw": 0.0,
   "ref_pitch": 0.0
  },
  {
   "idx": 9,
   "image": "data/8kpano/scenes/scene_021hf_pano/panoramas/pano_0009.jpg",
   "R_wp": [
    [
     0.14672028078818558,
     0.0185353182683539,
     -0.9890043484141653
    ],
    [
     0.024011173353756358,
     0.9994630892800083,
     0.02229342326871241
    ],
    [
     0.9888865570729598,
     -0.027018052179106865,
     0.1461964503564814
    ]
   ],
   "T": [
    -10.492394253007138,
    -15.699314230181221,
    -26.002322971038062
   ],
   "C": [
    27.629753625186485,
    15.182832848141564,
    -6.22558476494933
   ],
   "n_crops": 1,
   "ref_yaw": 0.0,
   "ref_pitch": 0.0
  },
  {
   "idx": 10,
   "image": "data/8kpano/scenes/scene_021hf_pano/panoramas/pano_0010.jpg",
   "R_wp": [
    [
     0.17247879476831715,
     0.017114609728798698,
     -0.984864536618666
    ],
    [
     0.06687176857368143,
     0.9973388060089866,
     0.029042599683857966
    ],
    [
     0.982740673790953,
     -0.07086886595960057,
     0.1708753110150893
    ]
   ],
   "T": [
    -14.35374195765498,
    -22.72370812535362,
    -32.73928490292522
   ],
   "C": [
    36.169517569101025,
    20.588698628191473,
    -7.882200373253325
   ],
   "n_crops": 1,
   "ref_yaw": 0.0,
   "ref_pitch": 0.0
  },
  {
   "idx": 11,
   "image": "data/8kpano/scenes/scene_021hf_pano/panoramas/pano_0011.jpg",
   "R_wp": [
    [
     0.21173529348927345,
     -0.012842468351096509,
     -0.9772426702194612
    ],
    [
     0.044884916970238935,
     0.9989863675822331,
     -0.003403176961326905
    ],
    [
     0.9762958105613208,
     -0.043142883439872944,
     0.21209710485743904
    ]
   ],
   "T": [
    -18.589162591703033,
    -28.409770975212183,
    -41.168645562467724
   ],
   "C": [
    45.40392819756111,
    26.36610910123407,
    -9.531055831617536
   ],
   "n_crops": 1,
   "ref_yaw": 0.0,
   "ref_pitch": 0.0
  },
  {
   "idx": 12,
   "image": "data/8kpano/scenes/scene_021hf_pano/panoramas/pano_0012.jpg",
   "R_wp": [
    [
     0.16390267251404514,
     0.0224403813477908,
     -0.9862212445631661
    ],
    [
     0.054621975333659326,
     0.998001041184415,
     0.031786185764776244
    ],
    [
     0.9849631230423823,
     -0.05907919328993481,
     0.16234929986546817
    ]
   ],
   "T": [
    -20.392888127201697,
    -34.5507098165373,
    -49.62350025238572
   ],
   "C": [
    54.106994668571886,
    32.00755219378823,
    -10.95732370566422
   ],
   "n_crops": 1,
   "ref_yaw": 0.0,
   "ref_pitch": 0.0
  },
  {
   "idx": 13,
   "image": "data/8kpano/scenes/scene_021hf_pano/panoramas/pano_0013.jpg",
   "R_wp": [
    [
     0.21823763199410795,
     0.0755011256334596,
     -0.9729706655442834
    ],
    [
     0.08298133717731625,
     0.9919562491064163,
     0.0955871201522141
    ],
    [
     0.9723612670514338,
     -0.10159911361232359,
     0.21021699848328448
    ]
   ],
   "T": [
    -28.054692293303823,
    -41.06164206220494,
    -54.69951508533785
   ],
   "C": [
    62.71762937291015,
    37.292091041925616,
    -11.87266063907782
   ],
   "n_crops": 1,
   "ref_yaw": 0.0,
   "ref_pitch": 0.0
  },
  {
   "idx": 14,
   "image": "data/8kpano/scenes/scene_021hf_pano/panoramas/pano_0014.jpg",
   "R_wp": [
    [
     0.2797421143485945,
     0.003183374562521991,
     -0.9600699014062328
    ],
    [
     0.08015424504249176,
     0.9964259099847321,
     0.02665901184902936
    ],
    [
     0.9567233907778394,
     -0.08441132647632786,
     0.2784871298661048
    ]
   ],
   "T": [
    -31.98941642244254,
    -47.467550238784575,
    -60.91285091149806
   ],
   "C": [
    71.03026190619147,
    42.2579966910417,
    -12.483192864172114
   ],
   "n_crops": 1,
   "ref_yaw": 0.0,
   "ref_pitch": 0.0
  },
  {
   "idx": 15,
   "image": "data/8kpano/scenes/scene_021hf_pano/panoramas/pano_0015.jpg",
   "R_wp": [
    [
     0.25041379986788487,
     0.0824441727959827,
     -0.9646221473757035
    ],
    [
     0.06172147301333051,
     0.9929811296081109,
     0.10089071320624295
    ],
    [
     0.9661694409392131,
     -0.08480232670266709,
     0.24356760207593808
    ]
   ],
   "T": [
    -36.17418597832391,
    -50.11552435765664,
    -68.6066886367631
   ],
   "C": [
    78.43740535702175,
    46.92811400335674,
    -13.127863325203133
   ],
   "n_crops": 1,
   "ref_yaw": 0.0,
   "ref_pitch": 0.0
  },
  {
   "idx": 16,
   "image": "data/8kpano/scenes/scene_021hf_pano/panoramas/pano_0016.jpg",
   "R_wp": [
    [
     0.14609337566433,
     -0.06709255658441984,
     -0.9869930670668202
    ],
    [
     -0.03356317785794113,
     0.9967870380103767,
     -0.07272629473977549
    ],
    [
     0.9887012889033159,
     0.04375145375261217,
     0.14337214379179772
    ]
   ],
   "T": [
    -20.637036011337443,
    -46.44920593925296,
    -79.57035654432208
   ],
   "C": [
    80.12726536817085,
    48.396693674224245,
    -12.338517509527817
   ],
   "n_crops": 1,
   "ref_yaw": 0.0,
   "ref_pitch": 0.0
  },
  {
   "idx": 17,
   "image": "data/8kpano/scenes/scene_021hf_pano/panoramas/pano_0017.jpg",
   "R_wp": [
    [
     -0.1059010325048211,
     -0.02744951637869289,
     -0.9939977340844341
    ],
    [
     0.06762757095739647,
     0.9971056187863885,
     -0.03474041783017939
    ],
    [
     0.9920743333847599,
     -0.07090069841115104,
     -0.1037381704291912
    ]
   ],
   "T": [
    -2.3766305886946975,
    -54.84573702457007,
    -77.53683960468895
   ],
   "C": [
    80.37970480269729,
    49.12433911284315,
    -12.311259121808046
   ],
   "n_crops": 1,
   "ref_yaw": 0.0,
   "ref_pitch": 0.0
  },
  {
   "idx": 18,
   "image": "data/8kpano/scenes/scene_021hf_pano/panoramas/pano_0018.jpg",
   "R_wp": [
    [
     -0.0829093179174177,
     -0.09352921558854771,
     -0.9921584202302879
    ],
    [
     0.05817774947153518,
     0.993433904084761,
     -0.09851105359977258
    ],
    [
     0.9948574744499313,
     -0.06588902826951537,
     -0.07692360811092543
    ]
   ],
   "T": [
    -1.0103356814216058,
    -54.98934630320062,
    -77.50585474028743
   ],
   "C": [
    80.22266907262241,
    49.42699962325729,
    -12.381501491016763
   ],
   "n_crops": 1,
   "ref_yaw": 0.0,
   "ref_pitch": 0.0
  },
  {
   "idx": 19,
   "image": "data/8kpano/scenes/scene_021hf_pano/panoramas/pano_0019.jpg",
   "R_wp": [
    [
     -0.04541617494310509,
     -0.0939432758534134,
     -0.9945411162820109
    ],
    [
     -0.06824087786975308,
     0.9935345472838173,
     -0.09073194553797434
    ],
    [
     0.9966346139087804,
     0.06374766094116807,
     -0.051533310425658445
    ]
   ],
   "T": [
    -3.985124039338811,
    -44.85534928644957,
    -83.65810213684904
   ],
   "C": [
    80.13460282049743,
    49.5239718696339,
    -12.344361766190895
   ],
   "n_crops": 1,
   "ref_yaw": 0.0,
   "ref_pitch": 0.0
  },
  {
   "idx": 20,
   "image": "data/8kpano/scenes/scene_021hf_pano/panoramas/pano_0020.jpg",
   "R_wp": [
    [
     -0.3056090274193544,
     -0.05556087623074328,
     -0.9505346450247193
    ],
    [
     -0.07612068919391435,
     0.9965263977704493,
     -0.03377542336220068
    ],
    [
     0.9491094578795638,
     0.062033277997575256,
     -0.308776795411242
    ]
   ],
   "T": [
    15.491407652910137,
    -43.751702782431245,
    -83.023083607232
   ],
   "C": [
    80.20189813090632,
    49.61063697896622,
    -12.388214311402328
   ],
   "n_crops": 1,
   "ref_yaw": 0.0,
   "ref_pitch": 0.0
  },
  {
   "idx": 21,
   "image": "data/8kpano/scenes/scene_021hf_pano/panoramas/pano_0021.jpg",
   "R_wp": [
    [
     -0.3025224029431464,
     -0.005223120402607975,
     -0.9531279634607122
    ],
    [
     -0.0689394203412441,
     0.99748578909226,
     0.01641514185148171
    ],
    [
     0.9506458604761909,
     0.0706740374695749,
     -0.30212187671075946
    ]
   ],
   "T": [
    12.742767461682316,
    -44.04615020692975,
    -83.57553550252021
   ],
   "C": [
    80.26919343167656,
    49.90858643199525,
    -12.381485829862992
   ],
   "n_crops": 1,
   "ref_yaw": 0.0,
   "ref_pitch": 0.0
  },
  {
   "idx": 22,
   "image": "data/8kpano/scenes/scene_021hf_pano/panoramas/pano_0022.jpg",
   "R_wp": [
    [
     -0.7455744460330209,
     -0.02625548654855968,
     -0.665904944304105
    ],
    [
     -0.07282159760095523,
     0.9964498544588118,
     0.04224573909706125
    ],
    [
     0.6624317024006314,
     0.0799896054191469,
     -0.7448395147140696
    ]
   ],
   "T": [
    52.96588179463706,
    -43.56575635325007,
    -66.43501651929837
   ],
   "C": [
    80.32614109124223,
    50.11584733196898,
    -12.372715321314276
   ],
   "n_crops": 1,
   "ref_yaw": 0.0,
   "ref_pitch": 0.0
  },
  {
   "idx": 23,
   "image": "data/8kpano/scenes/scene_021hf_pano/panoramas/pano_0023.jpg",
   "R_wp": [
    [
     -0.40696923348521935,
     0.08360575140197464,
     -0.9096076744008732
    ],
    [
     -0.0013494936412181877,
     0.9957463608876458,
     0.09212688883231876
    ],
    [
     0.9134408693852961,
     0.03872031910407401,
     -0.4051253078062558
    ]
   ],
   "T": [
    17.269575018610684,
    -48.677888348934154,
    -80.39030424951292
   ],
   "C": [
    80.39428461096819,
    50.13973261673735,
    -12.375066374638292
   ],
   "n_crops": 1,
   "ref_yaw": 0.0,
   "ref_pitch": 0.0
  },
  {
   "idx": 24,
   "image": "data/8kpano/scenes/scene_021hf_pano/panoramas/pano_0024.jpg",
   "R_wp": [
    [
     -0.3923061999842922,
     0.07436786040093485,
     -0.9168234654464688
    ],
    [
     0.0033947921767865396,
     0.9968366189762458,
     0.0794054812596901
    ],
    [
     0.9198284192391323,
     0.028038837482920877,
     -0.3913176494264545
    ]
   ],
   "T": [
    16.491745083497705,
    -49.08478043311155,
    -80.26785126613797
   ],
   "C": [
    80.46909721928371,
    49.95366801075148,
    -12.392607390447779
   ],
   "n_crops": 1,
   "ref_yaw": 0.0,
   "ref_pitch": 0.0
  },
  {
   "idx": 25,
   "image": "data/8kpano/scenes/scene_021hf_pano/panoramas/pano_0025.jpg",
   "R_wp": [
    [
     -0.44584503672230824,
     0.10447559079402582,
     -0.8889921564098998
    ],
    [
     0.06519350442637269,
     0.9943174825795024,
     0.08415789218706389
    ],
    [
     0.8927328885006379,
     -0.020435135551305855,
     -0.45012264442516975
    ]
   ],
   "T": [
    19.652817567439772,
    -53.57719812649403,
    -76.40205078953841
   ],
   "C": [
    80.46161996198128,
    49.65821877439134,
    -12.410148408470034
   ],
   "n_crops": 1,
   "ref_yaw": 0.0,
   "ref_pitch": 0.0
  },
  {
   "idx": 26,
   "image": "data/8kpano/scenes/scene_021hf_pano/panoramas/pano_0026.jpg",
   "R_wp": [
    [
     -0.5172915126770568,
     0.03472570749498532,
     -0.855104447509926
    ],
    [
     -0.04951552753342526,
     0.9962881971109848,
     0.0704133569035744
    ],
    [
     0.8543756219868222,
     0.07876517971995149,
     -0.5136519668202535
    ]
   ],
   "T": [
    29.303039120190316,
    -44.466690570235116,
    -79.1029909523302
   ],
   "C": [
    80.54008888718252,
    49.51463151325572,
    -12.443198853354263
   ],
   "n_crops": 1,
   "ref_yaw": 0.0,
   "ref_pitch": 0.0
  },
  {
   "idx": 27,
   "image": "data/8kpano/scenes/scene_021hf_pano/panoramas/pano_0027.jpg",
   "R_wp": [
    [
     -0.596229562654132,
     0.03877440329997153,
     -0.8018770817687672
    ],
    [
     -0.027291240953310106,
     0.9972767293959452,
     0.06851505799862542
    ],
    [
     0.8023499839748804,
     0.06273492371923128,
     -0.593547666629607
    ]
   ],
   "T": [
    35.90670942817984,
    -46.2383833979081,
    -75.01565220071251
   ],
   "C": [
    80.33554613721572,
    49.42630375363853,
    -12.564572431972797
   ],
   "n_crops": 1,
   "ref_yaw": 0.0,
   "ref_pitch": 0.0
  },
  {
   "idx": 28,
   "image": "data/8kpano/scenes/scene_021hf_pano/panoramas/pano_0028.jpg",
   "R_wp": [
    [
     -0.4884385771138404,
     0.1049791378908674,
     -0.8662604325459508
    ],
    [
     0.08704423469713032,
     0.9936469846707248,
     0.07133702447374016
    ],
    [
     0.8682459660677946,
     -0.04055922166987833,
     -0.4944733480629021
    ]
   ],
   "T": [
    21.013209488166623,
    -55.10776947876198,
    -72.32425329094016
   ],
   "C": [
    77.85571693186407,
    49.61830493677765,
    -13.62827943052297
   ],
   "n_crops": 1,
   "ref_yaw": 0.0,
   "ref_pitch": 0.0
  },
  {
   "idx": 29,
   "image": "data/8kpano/scenes/scene_021hf_pano/panoramas/pano_0029.jpg",
   "R_wp": [
    [
     0.021741927989598824,
     0.13093268488603726,
     -0.9911528240366515
    ],
    [
     0.06246866038228153,
     0.9892720871686457,
     0.13205454940680578
    ],
    [
     0.9978100796430844,
     -0.06478710965558682,
     0.013329493056254558
    ]
   ],
   "T": [
    -24.512319184657407,
    -52.080959426118284,
    -67.44714142395593
   ],
   "C": [
    71.08581040128028,
    50.361997849462625,
    -16.518890550595938
   ],
   "n_crops": 1,
   "ref_yaw": 0.0,
   "ref_pitch": 0.0
  },
  {
   "idx": 30,
   "image": "data/8kpano/scenes/scene_021hf_pano/panoramas/pano_0030.jpg",
   "R_wp": [
    [
     -0.10208601011902713,
     0.035164539748641546,
     -0.9941538621774021
    ],
    [
     0.029707004876310294,
     0.9990370658134744,
     0.03228676187049562
    ],
    [
     0.9943319065579949,
     -0.026237306932484793,
     -0.10303234116370395
    ]
   ],
   "T": [
    -16.71123104239121,
    -52.92489203676182,
    -60.78186805361855
   ],
   "C": [
    60.303607870430326,
    51.86681906908778,
    -21.167259662187128
   ],
   "n_crops": 1,
   "ref_yaw": 0.0,
   "ref_pitch": 0.0
  },
  {
   "idx": 31,
   "image": "data/8kpano/scenes/scene_021hf_pano/panoramas/pano_0031.jpg",
   "R_wp": [
    [
     -0.1267920783914821,
     0.047374591915101794,
     -0.9907973641961539
    ],
    [
     0.04030115248396254,
     0.9982801121606765,
     0.042575048713199
    ],
    [
     0.9911102794167924,
     -0.03453209674121269,
     -0.12848326089037004
    ]
   ],
   "T": [
    -22.33437178591469,
    -55.1609686163584,
    -49.56286538234
   ],
   "C": [
    48.51349454685464,
    54.41267002411306,
    -26.148354333946
   ],
   "n_crops": 1,
   "ref_yaw": 0.0,
   "ref_pitch": 0.0
  },
  {
   "idx": 32,
   "image": "data/8kpano/scenes/scene_021hf_pano/panoramas/pano_0032.jpg",
   "R_wp": [
    [
     -0.1114916976766102,
     -0.009217298445624812,
     -0.9937226186207856
    ],
    [
     -0.04082318970031712,
     0.9991553906187852,
     -0.004687491878861224
    ],
    [
     0.992926517186382,
     0.040044310542032,
     -0.11177381026579526
    ]
   ],
   "T": [
    -25.358808169328267,
    -56.92622480452757,
    -42.04786114810514
   ],
   "C": [
    36.59922967695266,
    58.328182287341484,
    -30.16631212964332
   ],
   "n_crops": 1,
   "ref_yaw": 0.0,
   "ref_pitch": 0.0
  },
  {
   "idx": 33,
   "image": "data/8kpano/scenes/scene_021hf_pano/panoramas/pano_0033.jpg",
   "R_wp": [
    [
     -0.13696154463166704,
     -0.07373789136037438,
     -0.9878280511657049
    ],
    [
     -0.0897968449033984,
     0.994043894209701,
     -0.0617516237017914
    ],
    [
     0.9864978773101863,
     0.08024624453604222,
     -0.1427672171766297
    ]
   ],
   "T": [
    -23.790200650139134,
    -62.7729794253892,
    -35.21851837443252
   ],
   "C": [
    25.84783549266121,
    63.471011525849676,
    -32.40501081058665
   ],
   "n_crops": 1,
   "ref_yaw": 0.0,
   "ref_pitch": 0.0
  },
  {
   "idx": 34,
   "image": "data/8kpano/scenes/scene_021hf_pano/panoramas/pano_0034.jpg",
   "R_wp": [
    [
     -0.4020814631573974,
     -0.009816188277148617,
     -0.9155512762444901
    ],
    [
     -0.06067659073671159,
     0.9980300857283139,
     0.01594676511723097
    ],
    [
     0.9135911822701533,
     0.06196442873812427,
     -0.40188500998343024
    ]
   ],
   "T": [
    -21.602151165233018,
    -67.59130681362006,
    -33.68714047941747
   ],
   "C": [
    17.989239889138048,
    69.3335113662847,
    -32.23837116311591
   ],
   "n_crops": 1,
   "ref_yaw": 0.0,
   "ref_pitch": 0.0
  },
  {
   "idx": 35,
   "image": "data/8kpano/scenes/scene_021hf_pano/panoramas/pano_0035.jpg",
   "R_wp": [
    [
     -0.05103570472036567,
     0.04558744131727596,
     -0.997655823437041
    ],
    [
     -0.04330741925048834,
     0.9979169370346258,
     0.04781479077955911
    ],
    [
     0.9977573975078101,
     0.045646160556770614,
     -0.0489551197002667
    ]
   ],
   "T": [
    -35.16096440901497,
    -73.37114267945609,
    -15.076651027815998
   ],
   "C": [
    10.070860658478768,
    75.50939560454223,
    -32.30839431958681
   ],
   "n_crops": 1,
   "ref_yaw": 0.0,
   "ref_pitch": 0.0
  },
  {
   "idx": 36,
   "image": "data/8kpano/scenes/scene_021hf_pano/panoramas/pano_0036.jpg",
   "R_wp": [
    [
     0.03785413449822493,
     0.12678707662497932,
     -0.99120739590778
    ],
    [
     -0.047786379356411376,
     0.9910131879889215,
     0.12493727698345083
    ],
    [
     0.998140033486983,
     0.042636820154956054,
     0.04357264184873881
    ]
   ],
   "T": [
    -44.28335177842623,
    -75.20572463691082,
    -5.1386542253524015
   ],
   "C": [
    3.2115951675508034,
    80.36351751862907,
    -34.274082608513325
   ],
   "n_crops": 1,
   "ref_yaw": 0.0,
   "ref_pitch": 0.0
  },
  {
   "idx": 37,
   "image": "data/8kpano/scenes/scene_021hf_pano/panoramas/pano_0037.jpg",
   "R_wp": [
    [
     -0.4325239237514144,
     -0.01970257853020937,
     -0.9014071576052314
    ],
    [
     -0.10138599311283486,
     0.9944831147237276,
     0.026911241701510498
    ],
    [
     0.8959039768765429,
     0.103029815726584,
     -0.4321353043760039
    ]
   ],
   "T": [
    -31.510789518588208,
    -82.78357700037924,
    -22.458221781218178
   ],
   "C": [
    -1.9018552833322449,
    84.01989214993549,
    -35.88123286944499
   ],
   "n_crops": 1,
   "ref_yaw": 0.0,
   "ref_pitch": 0.0
  },
  {
   "idx": 38,
   "image": "data/8kpano/scenes/scene_021hf_pano/panoramas/pano_0038.jpg",
   "R_wp": [
    [
     -0.2590380696247694,
     0.07333255658497057,
     -0.9630792359041834
    ],
    [
     -0.02120787622647091,
     0.9964413669704899,
     0.08157713022621083
    ],
    [
     0.9656342498436125,
     0.04155644757066621,
     -0.25656102041087747
    ]
   ],
   "T": [
    -42.90172228167809,
    -84.02963837013455,
    -7.200012077109435
   ],
   "C": [
    -5.942691232388262,
    87.17590762477722,
    -36.31010360730398
   ],
   "n_crops": 1,
   "ref_yaw": 0.0,
   "ref_pitch": 0.0
  },
  {
   "idx": 39,
   "image": "data/8kpano/scenes/scene_021hf_pano/panoramas/pano_0039.jpg",
   "R_wp": [
    [
     -0.022227962138170264,
     0.08032846608792205,
     -0.996520574416377
    ],
    [
     -0.03860377063615979,
     0.995954523909748,
     0.08114391657035823
    ],
    [
     0.9990073406095947,
     0.04027311559425261,
     -0.019037057768392814
    ]
   ],
   "T": [
    -44.50311379307684,
    -88.81610533026074,
    7.731161345387531
   ],
   "C": [
    -12.141337022868877,
    91.72031081231141,
    -36.99420331422258
   ],
   "n_crops": 1,
   "ref_yaw": 0.0,
   "ref_pitch": 0.0
  },
  {
   "idx": 40,
   "image": "data/8kpano/scenes/scene_021hf_pano/panoramas/pano_0040.jpg",
   "R_wp": [
    [
     -0.12405329914299952,
     0.05157411809494303,
     -0.990934351667388
    ],
    [
     -0.010880748568735546,
     0.9985176114703391,
     0.05333093749553177
    ],
    [
     0.992215898019338,
     0.01739798627132526,
     -0.12330823894363821
    ]
   ],
   "T": [
    -45.267129322772426,
    -94.64569234687781,
    13.016712629653972
   ],
   "C": [
    -19.560741927854757,
    96.61353834404424,
    -38.20414203333458
   ],
   "n_crops": 1,
   "ref_yaw": 0.0,
   "ref_pitch": 0.0
  },
  {
   "idx": 41,
   "image": "data/8kpano/scenes/scene_021hf_pano/panoramas/pano_0041.jpg",
   "R_wp": [
    [
     -0.16377752042904176,
     0.09553129239907075,
     -0.9818608333031106
    ],
    [
     -0.06638263215155403,
     0.9919768581636373,
     0.10758837770145127
    ],
    [
     0.9842612813428895,
     0.08279906424810558,
     -0.15612189151074193
    ]
   ],
   "T": [
    -52.71759271521116,
    -95.0116693738917,
    10.723359482321404
   ],
   "C": [
    -25.495668860407616,
    98.3976729079151,
    -39.86503697671785
   ],
   "n_crops": 1,
   "ref_yaw": 0.0,
   "ref_pitch": 0.0
  },
  {
   "idx": 42,
   "image": "data/8kpano/scenes/scene_021hf_pano/panoramas/pano_0042.jpg",
   "R_wp": [
    [
     -0.6689413877681891,
     0.17808246186019583,
     -0.7216675526228001
    ],
    [
     0.1455435694215075,
     0.9834641106576477,
     0.10777482288739657
    ],
    [
     0.728926943616997,
     -0.032939031955639714,
     -0.6837986041540373
    ]
   ],
   "T": [
    -68.73513808093118,
    -86.5427497545199,
    -3.3440368854886935
   ],
   "C": [
    -30.94647936318934,
    97.242061689117,
    -42.56343710561089
   ],
   "n_crops": 1,
   "ref_yaw": 0.0,
   "ref_pitch": 0.0
  },
  {
   "idx": 43,
   "image": "data/8kpano/scenes/scene_021hf_pano/panoramas/pano_0043.jpg",
   "R_wp": [
    [
     -0.2492342430833405,
     0.12568901304268792,
     -0.9602523439570612
    ],
    [
     0.04568571488707318,
     0.9919642363116786,
     0.11798207208658869
    ],
    [
     0.9673650332371599,
     -0.014464642371761033,
     -0.2529736480171912
    ]
   ],
   "T": [
    -65.96084317905273,
    -85.9587296242987,
    25.561286474861756
   ],
   "C": [
    -37.23970954953861,
    93.92827373214921,
    -46.731133349505626
   ],
   "n_crops": 1,
   "ref_yaw": 0.0,
   "ref_pitch": 0.0
  },
  {
   "idx": 44,
   "image": "data/8kpano/scenes/scene_021hf_pano/panoramas/pano_0044.jpg",
   "R_wp": [
    [
     -0.32912383844617765,
     0.11503353028738014,
     -0.9372538534869183
    ],
    [
     0.02476209706448954,
     0.993262208228771,
     0.11321229727142866
    ],
    [
     0.943962042412418,
     0.014052494943172622,
     -0.329754741998427
    ]
   ],
   "T": [
    -74.12363832627362,
    -82.09806122029937,
    24.607842281923336
   ],
   "C": [
    -45.59180526460295,
    89.72580379416249,
    -52.06360286067644
   ],
   "n_crops": 1,
   "ref_yaw": 0.0,
   "ref_pitch": 0.0
  },
  {
   "idx": 45,
   "image": "data/8kpano/scenes/scene_021hf_pano/panoramas/pano_0045.jpg",
   "R_wp": [
    [
     -0.3474769773053536,
     0.09355852800003331,
     -0.9330094062126075
    ],
    [
     0.03337607939908909,
     0.9956134847970485,
     0.08740609941087056
    ],
    [
     0.9370943322668646,
     -0.0007685888005084541,
     -0.3490753811207192
    ]
   ],
   "T": [
    -80.57383552016137,
    -78.41914728463614,
    30.831867838228952
   ],
   "C": [
    -54.272597734668885,
    85.63722697777192,
    -57.559188635367995
   ],
   "n_crops": 1,
   "ref_yaw": 0.0,
   "ref_pitch": 0.0
  },
  {
   "idx": 46,
   "image": "data/8kpano/scenes/scene_021hf_pano/panoramas/pano_0046.jpg",
   "R_wp": [
    [
     -0.33934104927407627,
     0.11078224068937069,
     -0.9341172021890036
    ],
    [
     0.047204741485055386,
     0.9937952024343121,
     0.10071150877567817
    ],
    [
     0.9394782406521709,
     -0.009919211984161442,
     -0.3424649537904797
    ]
   ],
   "T": [
    -89.63282393453895,
    -71.81362075313528,
    39.29152912152898
   ],
   "C": [
    -63.93968977221498,
    81.68749785522539,
    -63.03913291637674
   ],
   "n_crops": 1,
   "ref_yaw": 0.0,
   "ref_pitch": 0.0
  },
  {
   "idx": 47,
   "image": "data/8kpano/scenes/scene_021hf_pano/panoramas/pano_0047.jpg",
   "R_wp": [
    [
     -0.36047730354660107,
     0.10869351560397683,
     -0.9264134246077292
    ],
    [
     0.034013483029208785,
     0.9940586149529974,
     0.10339513049438298
    ],
    [
     0.9321476259691885,
     0.005761050544537908,
     -0.36203261413390647
    ]
   ],
   "T": [
    -98.8294892486364,
    -67.84216294589307,
    44.23285338087197
   ],
   "C": [
    -74.54978880603426,
    77.92638346113343,
    -68.52868075617125
   ],
   "n_crops": 1,
   "ref_yaw": 0.0,
   "ref_pitch": 0.0
  },
  {
   "idx": 48,
   "image": "data/8kpano/scenes/scene_021hf_pano/panoramas/pano_0048.jpg",
   "R_wp": [
    [
     -0.3038172997814673,
     0.09507991049475345,
     -0.9479740813829293
    ],
    [
     0.018314044888236684,
     0.9954067728830063,
     0.09396782565575665
    ],
    [
     0.9525542735788496,
     0.011187811177735525,
     -0.3041630956702698
    ]
   ],
   "T": [
    -103.29636838054674,
    -65.57588748617958,
    58.23971003749223
   ],
   "C": [
    -85.65874865980781,
    74.44451712266708,
    -74.04588586727603
   ],
   "n_crops": 1,
   "ref_yaw": 0.0,
   "ref_pitch": 0.0
  },
  {
   "idx": 49,
   "image": "data/8kpano/scenes/scene_021hf_pano/panoramas/pano_0049.jpg",
   "R_wp": [
    [
     -0.24697111531738206,
     -0.008720295855033157,
     -0.9689836039062216
    ],
    [
     -0.10024248276712847,
     0.9948246064160586,
     0.016596599585933167
    ],
    [
     0.9638240051210442,
     0.10123220292641291,
     -0.24656708669872232
    ]
   ],
   "T": [
    -98.0574595491329,
    -80.02474612987663,
    64.50905478207324
   ],
   "C": [
    -94.41461493153706,
    72.2251027898482,
    -77.78212217201973
   ],
   "n_crops": 1,
   "ref_yaw": 0.0,
   "ref_pitch": 0.0
  },
  {
   "idx": 50,
   "image": "data/8kpano/scenes/scene_021hf_pano/panoramas/pano_0050.jpg",
   "R_wp": [
    [
     -0.8565851263226152,
     -0.029776767133988268,
     -0.515145868179022
    ],
    [
     -0.07635510522478195,
     0.9946576686996,
     0.06946956170287352
    ],
    [
     0.5103252093214505,
     0.09884061025775323,
     -0.8542825729785742
    ]
   ],
   "T": [
    -122.42265848080694,
    -73.07883788307251,
    -24.22997063267126
   ],
   "C": [
    -98.08020590082856,
    71.43798061040683,
    -78.68801350566045
   ],
   "n_crops": 1,
   "ref_yaw": 0.0,
   "ref_pitch": 0.0
  },
  {
   "idx": 51,
   "image": "data/8kpano/scenes/scene_021hf_pano/panoramas/pano_0051.jpg",
   "R_wp": [
    [
     -0.906093607226667,
     -0.06878247475080648,
     -0.4174486149337682
    ],
    [
     -0.09536420534574629,
     0.9945076903922929,
     0.04312913272211388
    ],
    [
     0.4121893294127603,
     0.07888868688057862,
     -0.9076764466485384
    ]
   ],
   "T": [
    -117.75202196874187,
    -76.92728904741685,
    -36.13398499387738
   ],
   "C": [
    -99.1364210896634,
    71.25606770869499,
    -78.63557831971771
   ],
   "n_crops": 1,
   "ref_yaw": 0.0,
   "ref_pitch": 0.0
  },
  {
   "idx": 52,
   "image": "data/8kpano/scenes/scene_021hf_pano/panoramas/pano_0052.jpg",
   "R_wp": [
    [
     -0.7010717361169986,
     -0.07698219479908207,
     -0.7089232416149258
    ],
    [
     -0.1029856200981175,
     0.9946637345216437,
     -0.006165815474320276
    ],
    [
     0.7056148970018307,
     0.06868622068052176,
     -0.7052586902816037
    ]
   ],
   "T": [
    -119.66184072095501,
    -81.5668557283991,
    9.658762883501167
   ],
   "C": [
    -99.10711461504529,
    71.25633828068331,
    -78.52205974179151
   ],
   "n_crops": 1,
   "ref_yaw": 0.0,
   "ref_pitch": 0.0
  },
  {
   "idx": 53,
   "image": "data/8kpano/scenes/scene_021hf_pano/panoramas/pano_0053.jpg",
   "R_wp": [
    [
     -0.6826996355269782,
     -0.1099646651687411,
     -0.7223773114278015
    ],
    [
     -0.042823717766884754,
     0.9929332000005516,
     -0.11067876731011565
    ],
    [
     0.7294431690323475,
     -0.04462547199740638,
     -0.6825842295285288
    ]
   ],
   "T": [
    -116.53384317138361,
    -83.71666567109813,
    21.814040323855735
   ],
   "C": [
    -99.05477382597805,
    71.28391353863455,
    -78.55714177291998
   ],
   "n_crops": 1,
   "ref_yaw": 0.0,
   "ref_pitch": 0.0
  },
  {
   "idx": 54,
   "image": "data/8kpano/scenes/scene_021hf_pano/panoramas/pano_0054.jpg",
   "R_wp": [
    [
     -0.46569502559657966,
     -0.11301433186797773,
     -0.8776992103944472
    ],
    [
     -0.020840784717485072,
     0.9929373777665526,
     -0.11679480093926159
    ],
    [
     0.8846998388306401,
     -0.03609881752241996,
     -0.4647613049152465
    ]
   ],
   "T": [
    -106.97440993292216,
    -82.05127137180922,
    53.7190650046545
   ],
   "C": [
    -99.0527116060975,
    71.32132749787375,
    -78.50797428683128
   ],
   "n_crops": 1,
   "ref_yaw": 0.0,
   "ref_pitch": 0.0
  },
  {
   "idx": 55,
   "image": "data/8kpano/scenes/scene_021hf_pano/panoramas/pano_0055.jpg",
   "R_wp": [
    [
     -0.331895390326384,
     -0.06415317650703768,
     -0.9411322010345595
    ],
    [
     0.04093871430061257,
     0.9957652017087533,
     -0.0823145475437885
    ],
    [
     0.9424274356954545,
     -0.06584856118384616,
     -0.3278635317300589
    ]
   ],
   "T": [
    -102.1347366001905,
    -73.38703210701667,
    72.32833093553718
   ],
   "C": [
    -99.05788098071412,
    71.28670156917259,
    -78.4492877774271
   ],
   "n_crops": 1,
   "ref_yaw": 0.0,
   "ref_pitch": 0.0
  },
  {
   "idx": 56,
   "image": "data/8kpano/scenes/scene_021hf_pano/panoramas/pano_0056.jpg",
   "R_wp": [
    [
     -0.2580510891788563,
     -0.10327113435779692,
     -0.9605960171591701
    ],
    [
     0.011289339110408735,
     0.9938805035447074,
     -0.10988218916716672
    ],
    [
     0.9660653115582073,
     -0.03919971278176259,
     -0.2553060835972603
    ]
   ],
   "T": [
    -93.50657463580379,
    -78.26661415475513,
    78.48601781230532
   ],
   "C": [
    -99.06851433274437,
    71.20776120994256,
    -78.3841922505717
   ],
   "n_crops": 1,
   "ref_yaw": 0.0,
   "ref_pitch": 0.0
  },
  {
   "idx": 57,
   "image": "data/8kpano/scenes/scene_021hf_pano/panoramas/pano_0057.jpg",
   "R_wp": [
    [
     -0.6070714060645345,
     -0.09252748653959765,
     -0.789242023826338
    ],
    [
     -0.0428744210404985,
     0.9955650579801588,
     -0.08373768177711291
    ],
    [
     0.7934898184345347,
     -0.01699645738463117,
     -0.6083461419924527
    ]
   ],
   "T": [
    -115.38171520233122,
    -81.63385990205225,
    32.18650889819082
   ],
   "C": [
    -99.08461166428553,
    71.1428949930796,
    -78.31939008913736
   ],
   "n_crops": 1,
   "ref_yaw": 0.0,
   "ref_pitch": 0.0
  },
  {
   "idx": 58,
   "image": "data/8kpano/scenes/scene_021hf_pano/panoramas/pano_0058.jpg",
   "R_wp": [
    [
     -0.5302537652744067,
     -0.056681382666033,
     -0.8459421760802462
    ],
    [
     0.02785867252426243,
     0.9960591783807136,
     -0.08420218244632287
    ],
    [
     0.8473811649886376,
     -0.06821535034436686,
     -0.5265850616945901
    ]
   ],
   "T": [
    -114.73750844029148,
    -74.79684074901411,
    47.61822651346795
   ],
   "C": [
    -99.10704343406765,
    71.24689312427837,
    -78.28430805278126
   ],
   "n_crops": 1,
   "ref_yaw": 0.0,
   "ref_pitch": 0.0
  },
  {
   "idx": 59,
   "image": "data/8kpano/scenes/scene_021hf_pano/panoramas/pano_0059.jpg",
   "R_wp": [
    [
     -0.46113322556770486,
     -0.061347563513370285,
     -0.8852076732205264
    ],
    [
     0.021216589064075787,
     0.9965596435728992,
     -0.08011699663830621
    ],
    [
     0.8870772258524119,
     -0.05572569652170578,
     -0.4582451768662279
    ]
   ],
   "T": [
    -110.5943436796019,
    -75.30233522764033,
    56.02892154366863
   ],
   "C": [
    -99.10304801888796,
    71.38082550994129,
    -78.25697551585858
   ],
   "n_crops": 1,
   "ref_yaw": 0.0,
   "ref_pitch": 0.0
  },
  {
   "idx": 60,
   "image": "data/8kpano/scenes/scene_021hf_pano/panoramas/pano_0060.jpg",
   "R_wp": [
    [
     -0.7988821000164668,
     -0.07718699556860487,
     -0.5965145077769465
    ],
    [
     -0.03517097153534781,
     0.996029619075439,
     -0.08178019739335224
    ],
    [
     0.6004584856878451,
     -0.0443527410599174,
     -0.7984249753896309
    ]
   ],
   "T": [
    -120.31578592465702,
    -81.17169758198715,
    0.1888032911839824
   ],
   "C": [
    -99.08638372807077,
    71.57097493077883,
    -78.25760400653452
   ],
   "n_crops": 1,
   "ref_yaw": 0.0,
   "ref_pitch": 0.0
  },
  {
   "idx": 61,
   "image": "data/8kpano/scenes/scene_021hf_pano/panoramas/pano_0061.jpg",
   "R_wp": [
    [
     -0.8110370792426603,
     -0.11033758301143035,
     -0.5744949728837763
    ],
    [
     -0.07329545234007448,
     0.9934790430879673,
     -0.08733365680698693
    ],
    [
     0.5803849005270542,
     -0.028722965031704226,
     -0.8138355844517915
    ]
   ],
   "T": [
    -117.3898769771024,
    -85.4227730235668,
    -4.143270757285842
   ],
   "C": [
    -99.06395195874622,
    71.79421248463281,
    -78.2721185118293
   ],
   "n_crops": 1,
   "ref_yaw": 0.0,
   "ref_pitch": 0.0
  },
  {
   "idx": 62,
   "image": "data/8kpano/scenes/scene_021hf_pano/panoramas/pano_0062.jpg",
   "R_wp": [
    [
     -0.8417518074113202,
     -0.048609838443943613,
     -0.5376718128433272
    ],
    [
     -0.002870566849940566,
     0.9963270013644594,
     -0.08558192681906668
    ],
    [
     0.5398570686447812,
     -0.07049531869959724,
     -0.8387995919620529
    ]
   ],
   "T": [
    -121.95680721941493,
    -78.71429348811714,
    -7.1121223329222785
   ],
   "C": [
    -99.0437880300654,
    71.99550396897298,
    -78.27490384200095
   ],
   "n_crops": 1,
   "ref_yaw": 0.0,
   "ref_pitch": 0.0
  },
  {
   "idx": 63,
   "image": "data/8kpano/scenes/scene_021hf_pano/panoramas/pano_0063.jpg",
   "R_wp": [
    [
     -0.12699998251836747,
     -0.10291818974056785,
     -0.9865489600931421
    ],
    [
     0.014343960732802112,
     0.994307976129179,
     -0.10557414170331615
    ],
    [
     0.9917989994100774,
     -0.027558933695275522,
     -0.12480084111394954
    ]
   ],
   "T": [
    -82.33012659136429,
    -78.34924369236717,
    90.46105025097091
   ],
   "C": [
    -99.05126528736783,
    71.92302042298597,
    -78.20473976960034
   ],
   "n_crops": 1,
   "ref_yaw": 0.0,
   "ref_pitch": 0.0
  },
  {
   "idx": 64,
   "image": "data/8kpano/scenes/scene_021hf_pano/panoramas/pano_0064.jpg",
   "R_wp": [
    [
     -0.05683083244632898,
     -0.12454247454715855,
     -0.9905853968826352
    ],
    [
     0.0411926695020373,
     0.9910515719986303,
     -0.12696434782386512
    ],
    [
     0.9975336688366729,
     -0.04802034644516659,
     -0.051192048840938385
    ]
   ],
   "T": [
    -74.07637915215807,
    -77.03783415509535,
    98.30698844925597
   ],
   "C": [
    -99.10095911039417,
    71.84354672098796,
    -78.12750165923394
   ],
   "n_crops": 1,
   "ref_yaw": 0.0,
   "ref_pitch": 0.0
  },
  {
   "idx": 65,
   "image": "data/8kpano/scenes/scene_021hf_pano/panoramas/pano_0065.jpg",
   "R_wp": [
    [
     -0.03395803679321973,
     -0.06213396974287973,
     -0.9974899606217308
    ],
    [
     -0.070284957968803,
     0.9957429393656428,
     -0.059632402155146605
    ],
    [
     0.9969487832484044,
     0.06808354065014897,
     -0.038180558823380624
    ]
   ],
   "T": [
    -76.80388072133735,
    -82.97748752772753,
    90.96198472574046
   ],
   "C": [
    -99.12461822482736,
