{
 "scene_dir": "data/8kpano/scenes/scene_022hf_pano",
 "point_cloud": "/w/p3_pano/gps_init_scene_022hf.ply",
 "cameras_extent": 385.262091558508,
 "cameras": [
  {
   "idx": 1,
   "image": "data/8kpano/scenes/scene_022hf_pano/panoramas/pano_0001.jpg",
   "R_wp": [
    [
     -0.49969068980877157,
     0.03432969152009781,
     -0.8655233600536556
    ],
    [
     -0.02166467010360265,
     0.9984064338355741,
     0.052107916337473525
    ],
    [
     0.865932940006174,
     0.044789118721694006,
     -0.4981506581912726
    ]
   ],
   "T": [
    0.0,
    0.0,
    0.0
   ],
   "C": [
    0.0,
    0.0,
    0.0
   ],
   "n_crops": 1,
   "ref_yaw": 0.0,
   "ref_pitch": 0.0
  },
  {
   "idx": 2,
   "image": "data/8kpano/scenes/scene_022hf_pano/panoramas/pano_0002.jpg",
   "R_wp": [
    [
     -0.4699139803446795,
     0.06568574474058209,
     -0.8802648658298793
    ],
    [
     -0.004987948626471797,
     0.9970139538589052,
     0.07706034115634473
    ],
    [
     0.8826981202229444,
     0.04060244756794407,
     -0.46818315839676744
    ]
   ],
   "T": [
    0.03039041060738457,
    -0.19465194263172528,
    -0.08917782511601466
   ],
   "C": [
    0.09202706351841199,
    0.19569532416435143,
    0.0
   ],
   "n_crops": 1,
   "ref_yaw": 0.0,
   "ref_pitch": 0.0
  },
  {
   "idx": 3,
   "image": "data/8kpano/scenes/scene_022hf_pano/panoramas/pano_0003.jpg",
   "R_wp": [
    [
     -0.4652018067861022,
     0.07601630383587901,
     -0.8819346917510829
    ],
    [
     0.08471188602817008,
     0.9955564038257471,
     0.041125942750244844
    ],
    [
     0.8811419722885163,
     -0.055578488218711586,
     -0.4695741222840396
    ]
   ],
   "T": [
    -1.3891159702037246,
    0.2501356862415995,
    0.7677595256821019
   ],
   "C": [
    -1.3439138676215014,
    -0.10075780885596802,
    -0.8748766255029097
   ],
   "n_crops": 1,
   "ref_yaw": 0.0,
   "ref_pitch": 0.0
  },
  {
   "idx": 4,
   "image": "data/8kpano/scenes/scene_022hf_pano/panoramas/pano_0004.jpg",
   "R_wp": [
    [
     -0.5840357003119738,
     0.011418904640787672,
     -0.811647651002519
    ],
    [
     -0.07139274092328357,
     0.9953035872845232,
     0.06537465626693742
    ],
    [
     0.8085823256197004,
     0.09612688362452967,
     -0.580477600722089
    ]
   ],
   "T": [
    -5.706345066163849,
    0.8524108763844629,
    2.5521553790480667
   ],
   "C": [
    -5.33548101981439,
    -1.0285781360613189,
    -3.20579860570374
   ],
   "n_crops": 1,
   "ref_yaw": 0.0,
   "ref_pitch": 0.0
  },
  {
   "idx": 5,
   "image": "data/8kpano/scenes/scene_022hf_pano/panoramas/pano_0005.jpg",
   "R_wp": [
    [
     -0.8932544509435637,
     -0.1190705938968136,
     -0.4334958818011688
    ],
    [
     -0.12928421501927678,
     0.9915896428269273,
     -0.005964225449790214
    ],
    [
     0.43056019046860566,
     0.05071660386329704,
     -0.9011358102285202
    ]
   ],
   "T": [
    -8.990621556539702,
    0.4389214439791647,
    -0.6061801577757245
   ],
   "C": [
    -7.713170063598059,
    -1.4750052071713535,
    -4.4410302407678115
   ],
   "n_crops": 1,
   "ref_yaw": 0.0,
   "ref_pitch": 0.0
  },
  {
   "idx": 6,
   "image": "data/8kpano/scenes/scene_022hf_pano/panoramas/pano_0006.jpg",
   "R_wp": [
    [
     -0.7144801386005298,
     -0.020847638871875157,
     -0.6993450561052362
    ],
    [
     0.05461318515587969,
     0.9948444172198424,
     -0.08545165611994712
    ],
    [
     0.6975209900443837,
     -0.09924697214514909,
     -0.7096580211394239
    ]
   ],
   "T": [
    -9.030100723886054,
    1.5029618778489797,
    2.371878972726437
   ],
   "C": [
    -8.188344521417648,
    -1.4480677060026983,
    -4.503502777667429
   ],
   "n_crops": 1,
   "ref_yaw": 0.0,
   "ref_pitch": 0.0
  },
  {
   "idx": 7,
   "image": "data/8kpano/scenes/scene_022hf_pano/panoramas/pano_0007.jpg",
   "R_wp": [
    [
     -0.5334332184571404,
     -0.07907604704044476,
     -0.8421377442146353
    ],
    [
     -0.002271271978018946,
     0.9957507330788147,
     -0.09206149518992689
    ],
    [
     0.8458391352793145,
     -0.04719593581507261,
     -0.5313461215370647
    ]
   ],
   "T": [
    -8.265131811197582,
    0.9626229743619891,
    4.646624645746269
   ],
   "C": [
    -8.33700645675813,
    -1.3928046857598209,
    -4.4027929650387945
   ],
   "n_crops": 1,
   "ref_yaw": 0.0,
   "ref_pitch": 0.0
  },
  {
   "idx": 8,
   "image": "data/8kpano/scenes/scene_022hf_pano/panoramas/pano_0008.jpg",
   "R_wp": [
    [
     -0.54715974549079,
     0.0036839478448517475,
     -0.8370200962000439
    ],
    [
     0.04904251948951477,
     0.9984134866910191,
     -0.027664794877289827
    ],
    [
     0.8355902370160717,
     -0.056186636505119215,
     -0.5464723393564099
    ]
   ],
   "T": [
    -8.097960353792764,
    1.7463892473155727,
    4.519575106526419
   ],
   "C": [
    -8.293038089347855,
    -1.4598463902710108,
    -4.2600192726923805
   ],
   "n_crops": 1,
   "ref_yaw": 0.0,
   "ref_pitch": 0.0
  },
  {
   "idx": 9,
   "image": "data/8kpano/scenes/scene_022hf_pano/panoramas/pano_0009.jpg",
   "R_wp": [
    [
     -0.24375916912063422,
     0.05200835308623525,
     -0.9684402917469286
    ],
    [
     0.09141609440955208,
     0.9953473170043337,
     0.030443656402904966
    ],
    [
     0.9655177705006378,
     -0.08111010875058544,
     -0.24737943549524574
    ]
   ],
   "T": [
    -5.921938996111213,
    3.166665628204839,
    6.205354126323658
   ],
   "C": [
    -7.724390814521559,
    -2.340624894596628,
    -4.296372208611372
   ],
   "n_crops": 1,
   "ref_yaw": 0.0,
   "ref_pitch": 0.0
  },
  {
   "idx": 10,
   "image": "data/8kpano/scenes/scene_022hf_pano/panoramas/pano_0010.jpg",
   "R_wp": [
    [
     -0.19105317166174315,
     0.08850837554538142,
     -0.9775811746634173
    ],
    [
     -0.022764821933808844,
     0.995259042017052,
     0.0945579302101205
    ],
    [
     0.9813156721872482,
     0.040320053839469676,
     -0.18813251919344479
    ]
   ],
   "T": [
    -4.534066368028319,
    6.096230455681464,
    3.8393448893117124
   ],
   "C": [
    -4.495077470159198,
    -5.820828227032916,
    -4.286559233953464
   ],
   "n_crops": 1,
   "ref_yaw": 0.0,
   "ref_pitch": 0.0
  },
  {
   "idx": 11,
   "image": "data/8kpano/scenes/scene_022hf_pano/panoramas/pano_0011.jpg",
   "R_wp": [
    [
     -0.30693294759202006,
     -4.862398467032853e-05,
     -0.9517311402482231
    ],
    [
     -0.0442688738834283,
     0.9989183637186988,
     0.014225660991700913
    ],
    [
     0.9507010216085642,
     0.046498389878208084,
     -0.3066031103090232
    ]
   ],
   "T": [
    -4.6653419598209265,
    6.142267681932606,
    3.333464944059507
   ],
   "C": [
    -4.3291644136965415,
    -6.2908515824885125,
    -3.5054783208769615
   ],
   "n_crops": 1,
   "ref_yaw": 0.0,
   "ref_pitch": 0.0
  },
  {
   "idx": 12,
   "image": "data/8kpano/scenes/scene_022hf_pano/panoramas/pano_0012.jpg",
   "R_wp": [
    [
     -0.6983531349794783,
     0.06242397490289349,
     -0.7130260487679662
    ],
    [
     0.0976384111153971,
     0.9951856333095642,
     -0.00850270128264187
    ],
    [
     0.70906250749789,
     -0.07555661858212095,
     -0.7010859846332976
    ]
   ],
   "T": [
    -5.296532903911208,
    7.22016112876909,
    0.3856678831216454
   ],
   "C": [
    -4.677278054846155,
    -6.825630227320669,
    -3.444788707775084
   ],
   "n_crops": 1,
   "ref_yaw": 0.0,
   "ref_pitch": 0.0
  },
  {
   "idx": 13,
   "image": "data/8kpano/scenes/scene_022hf_pano/panoramas/pano_0013.jpg",
   "R_wp": [
    [
     -0.4985328530906465,
     0.05570291784893635,
     -0.8650792907776809
    ],
    [
     0.10152104965753529,
     0.9948179003414914,
     0.005551723748383232
    ],
    [
     0.8609056108922349,
     -0.08505604095689383,
     -0.5016044248519019
    ]
   ],
   "T": [
    -7.684763042565251,
    10.208657962340242,
    1.2400418563241034
   ],
   "C": [
    -5.935059508717794,
    -9.622218904031453,
    -6.082594529371785
   ],
   "n_crops": 1,
   "ref_yaw": 0.0,
   "ref_pitch": 0.0
  },
  {
   "idx": 14,
   "image": "data/8kpano/scenes/scene_022hf_pano/panoramas/pano_0014.jpg",
   "R_wp": [
    [
     -0.6434995618106653,
     0.03424364938640263,
     -0.7646801203288757
    ],
    [
     -0.046491982316635844,
     0.9954058307194235,
     0.08370022550772496
    ],
    [
     0.7640332515864424,
     0.08941255306988798,
     -0.6389511607500007
    ]
   ],
   "T": [
    -12.293543918115608,
    13.482875964174285,
    0.6170870974245937
   ],
   "C": [
    -7.755519555061124,
    -13.05513287480478,
    -10.134859884083731
   ],
   "n_crops": 1,
   "ref_yaw": 0.0,
   "ref_pitch": 0.0
  },
  {
   "idx": 15,
   "image": "data/8kpano/scenes/scene_022hf_pano/panoramas/pano_0015.jpg",
   "R_wp": [
    [
     -0.8261465233356721,
     0.0916808813043581,
     -0.5559465243920847
    ],
    [
     0.06617016829192778,
     0.9956324977468055,
     0.06585923062620258
    ],
    [
     0.5595564589999835,
     0.01762229933106296,
     -0.8286048658785965
    ]
   ],
   "T": [
    -13.224462730293805,
    16.3046502365164,
    -5.128674387002924
   ],
   "C": [
    -9.134442478350433,
    -14.930630206761572,
    -12.675550364643339
   ],
   "n_crops": 1,
   "ref_yaw": 0.0,
   "ref_pitch": 0.0
  },
  {
   "idx": 16,
   "image": "data/8kpano/scenes/scene_022hf_pano/panoramas/pano_0016.jpg",
   "R_wp": [
    [
     -0.6666877845472626,
     0.07384229869661191,
     -0.7416702183980854
    ],
    [
     0.03240514121726055,
     0.997010986488668,
     0.07013558043947682
    ],
    [
     0.7446323285744129,
     0.02272460657730456,
     -0.6670879158684819
    ]
   ],
   "T": [
    -14.62435738695458,
    16.21037420771429,
    -0.9968892616780435
   ],
   "C": [
    -9.532863919867614,
    -15.05937109749741,
    -12.648387121237887
   ],
   "n_crops": 1,
   "ref_yaw": 0.0,
   "ref_pitch": 0.0
  },
  {
   "idx": 17,
   "image": "data/8kpano/scenes/scene_022hf_pano/panoramas/pano_0017.jpg",
   "R_wp": [
    [
     -0.581266843448764,
     0.06871361080727195,
     -0.8108065715057676
    ],
    [
     0.020864087909640696,
     0.9973591457689266,
     0.06956597003403002
    ],
    [
     0.813445478531173,
     0.023519652227521465,
     -0.5811654492623316
    ]
   ],
   "T": [
    -14.744279712545369,
    16.135191176420946,
    0.857000548941193
   ],
   "C": [
    -9.604130196215543,
    -15.099604145602017,
    -12.579159999879721
   ],
   "n_crops": 1,
   "ref_yaw": 0.0,
   "ref_pitch": 0.0
  },
  {
   "idx": 18,
   "image": "data/8kpano/scenes/scene_022hf_pano/panoramas/pano_0018.jpg",
   "R_wp": [
    [
     -0.5962445782957183,
     0.05674931552814127,
     -0.8007945542022928
    ],
    [
     0.039971384719154616,
     0.9983597630665282,
     0.04098868006387918
    ],
    [
     0.8018071409363942,
     -0.007569588947438101,
     -0.5975349446405396
    ]
   ],
   "T": [
    -14.906115395134018,
    15.739529769730401,
    0.0045496635239750585
   ],
   "C": [
    -9.520469240225859,
    -14.86776692674654,
    -12.579159999879721
   ],
   "n_crops": 1,
   "ref_yaw": 0.0,
   "ref_pitch": 0.0
  },
  {
   "idx": 19,
   "image": "data/8kpano/scenes/scene_022hf_pano/panoramas/pano_0019.jpg",
   "R_wp": [
    [
     -0.46800853845182755,
     0.05184274948131968,
     -0.8822019821233693
    ],
    [
     -0.011047204883037735,
     0.997856573087453,
     0.0644997582199854
    ],
    [
     0.8836548914595881,
     0.039932303619770085,
     -0.4664326788799881
    ]
   ],
   "T": [
    -14.82978298326452,
    15.569016094596059,
    3.1500528486948722
   ],
   "C": [
    -9.552030557036536,
    -14.892617189205716,
    -12.61777412728959
   ],
   "n_crops": 1,
   "ref_yaw": 0.0,
   "ref_pitch": 0.0
  },
  {
   "idx": 20,
   "image": "data/8kpano/scenes/scene_022hf_pano/panoramas/pano_0020.jpg",
   "R_wp": [
    [
     -0.3313842049651589,
     0.02292483921400353,
     -0.9432173452850742
    ],
    [
     -0.04862402218469,
     0.9979613319692353,
     0.04133865455928917
    ],
    [
     0.9422421202462735,
     0.05956199829758513,
     -0.3295939246900741
    ]
   ],
   "T": [
    -14.742202693448057,
    14.943198430666575,
    5.736788087505151
   ],
   "C": [
    -9.564178077974965,
    -14.916466145642646,
    -12.63202250522868
   ],
   "n_crops": 1,
   "ref_yaw": 0.0,
   "ref_pitch": 0.0
  },
  {
   "idx": 21,
   "image": "data/8kpano/scenes/scene_022hf_pano/panoramas/pano_0021.jpg",
   "R_wp": [
    [
     -0.30068195860977687,
     0.016713134359977143,
     -0.9535780151127933
    ],
    [
     -0.047202433982414985,
     0.9983603277151533,
     0.03238188182652566
    ],
    [
     0.9525556624117691,
     0.05474785095651381,
     -0.2994000381144253
    ]
   ],
   "T": [
    -14.638831741676409,
    14.846108511206648,
    6.076231710537529
   ],
   "C": [
    -9.48880906494871,
    -14.90976562483702,
    -12.620789041464588
   ],
   "n_crops": 1,
   "ref_yaw": 0.0,
   "ref_pitch": 0.0
  },
  {
   "idx": 22,
   "image": "data/8kpano/scenes/scene_022hf_pano/panoramas/pano_0022.jpg",
   "R_wp": [
    [
     -0.32766897758104696,
     0.09317573201325823,
     -0.9401868559466174
    ],
    [
     0.01077063985071397,
     0.9954288593724446,
     0.09489667668406461
    ],
    [
     0.9447311969275692,
     0.020968283007130377,
     -0.3271747188575784
    ]
   ],
   "T": [
    -13.511479240264842,
    16.151708632781062,
    5.084065909735856
   ],
   "C": [
    -9.404332497085882,
    -14.925539065273945,
    -12.57268082344159
   ],
   "n_crops": 1,
   "ref_yaw": 0.0,
   "ref_pitch": 0.0
  },
  {
   "idx": 23,
   "image": "data/8kpano/scenes/scene_022hf_pano/panoramas/pano_0023.jpg",
   "R_wp": [
    [
     -0.21025661952498498,
     0.06900750521511198,
     -0.9752077307783774
    ],
    [
     0.057864901955541045,
     0.9966353820167766,
     0.05804798389219855
    ],
    [
     0.9759322758611897,
     -0.04422532686436241,
     -0.21354229884530868
    ]
   ],
   "T": [
    -13.124827643795602,
    16.26393253435095,
    5.8866163211865095
   ],
   "C": [
    -9.445631617201473,
    -15.04316147146172,
    -12.486480295494555
   ],
   "n_crops": 1,
   "ref_yaw": 0.0,
   "ref_pitch": 0.0
  },
  {
   "idx": 24,
   "image": "data/8kpano/scenes/scene_022hf_pano/panoramas/pano_0024.jpg",
   "R_wp": [
    [
     -0.43311743054641977,
     0.0038873536407353954,
     -0.9013291184903214
    ],
    [
     0.06841517810263321,
     0.997247639032156,
     -0.028574636480201955
    ],
    [
     0.8987372556882531,
     -0.07404076530170792,
     -0.4321912890277699
    ]
   ],
   "T": [
    -15.300784987496927,
    15.42263297723161,
    2.114109487000184
   ],
   "C": [
    -9.582207819647794,
    -15.164174477627343,
    -12.436647209766123
   ],
   "n_crops": 1,
   "ref_yaw": 0.0,
   "ref_pitch": 0.0
  },
  {
   "idx": 25,
   "image": "data/8kpano/scenes/scene_022hf_pano/panoramas/pano_0025.jpg",
   "R_wp": [
    [
     -0.2668500401316021,
     -0.03156690251435495,
     -0.9632209438895175
    ],
    [
     0.048869300791275765,
     0.9977344129678375,
     -0.046236702087155024
    ],
    [
     0.9624982324773041,
     -0.05941019984290363,
     -0.2647028156871253
    ]
   ],
   "T": [
    -15.079396552152339,
    14.526015264566988,
    5.06788446229028
   ],
   "C": [
    -9.611643621718565,
    -14.668031125006271,
    -12.511672253201967
   ],
   "n_crops": 1,
   "ref_yaw": 0.0,
   "ref_pitch": 0.0
  },
  {
   "idx": 26,
   "image": "data/8kpano/scenes/scene_022hf_pano/panoramas/pano_0026.jpg",
   "R_wp": [
    [
     -0.4043556276783902,
     -0.07962439593134564,
     -0.911129234487284
    ],
    [
     0.02392590470452395,
     0.9949413174950129,
     -0.09756703247182373
    ],
    [
     0.9142888369923836,
     -0.06125136989371097,
     -0.40040503522965176
    ]
   ],
   "T": [
    -16.28120135346283,
    11.150007333135145,
    2.9440132939790913
   ],
   "C": [
    -9.541847896187312,
    -12.209658961673107,
    -12.56760765148858
   ],
   "n_crops": 1,
   "ref_yaw": 0.0,
   "ref_pitch": 0.0
  },
  {
   "idx": 27,
   "image": "data/8kpano/scenes/scene_022hf_pano/panoramas/pano_0027.jpg",
   "R_wp": [
    [
     -0.3654241093045673,
     -0.07135191026849741,
     -0.9281024325148602
    ],
    [
     0.047372408859378184,
     0.9943402590037308,
     -0.09509628911399867
    ],
    [
     0.9296349150165476,
     -0.07871692464412992,
     -0.3599757916259744
    ]
   ],
   "T": [
    -15.718582897517964,
    7.971848645438374,
    3.53514639619102
   ],
   "C": [
    -9.407990347846384,
    -8.770005110820435,
    -12.557794676830671
   ],
   "n_crops": 1,
   "ref_yaw": 0.0,
   "ref_pitch": 0.0
  },
  {
   "idx": 28,
   "image": "data/8kpano/scenes/scene_022hf_pano/panoramas/pano_0028.jpg",
   "R_wp": [
    [
     -0.3357445531200283,
     -0.08354935200051632,
     -0.9382404280516412
    ],
    [
     0.03260662330714417,
     0.9944307556434376,
     -0.10022115718214149
    ],
    [
     0.9413885505819254,
     -0.06424155984030408,
     -0.3311504474140814
    ]
   ],
   "T": [
    -15.278088151837471,
    4.194630255616323,
    4.233135629835454
   ],
   "C": [
    -9.25133302271221,
    -5.175800463753955,
    -12.512324511437097
   ],
   "n_crops": 1,
   "ref_yaw": 0.0,
   "ref_pitch": 0.0
  },
  {
   "idx": 29,
   "image": "data/8kpano/scenes/scene_022hf_pano/panoramas/pano_0029.jpg",
   "R_wp": [
    [
     -0.336325341074781,
     -0.028157789011092515,
     -0.9413248131590602
    ],
    [
     0.0595847633219326,
     0.9969139692670023,
     -0.05110962590530419
    ],
    [
     0.9398589899185952,
     -0.07327807856595099,
     -0.3336096555420434
    ]
   ],
   "T": [
    -14.954131281413293,
    1.5104615102940888,
    4.468289259047071
   ],
   "C": [
    -9.319015624968223,
    -1.599447801738676,
    -12.50883127112402
   ],
   "n_crops": 1,
   "ref_yaw": 0.0,
   "ref_pitch": 0.0
  },
  {
   "idx": 30,
   "image": "data/8kpano/scenes/scene_022hf_pano/panoramas/pano_0030.jpg",
   "R_wp": [
    [
     -0.333646273108258,
     -0.07933883769212,
     -0.9393537742909399
    ],
    [
     0.022356959328474986,
     0.9955059227669883,
     -0.09202241088686966
    ],
    [
     0.9424331970015462,
     -0.05170402856171301,
     -0.33037306582095194
    ]
   ],
   "T": [
    -14.76984430719979,
    -2.9212613871411732,
    4.802536766344813
   ],
   "C": [
    -9.388663063890077,
    1.9846212307585107,
    -12.55630171611794
   ],
   "n_crops": 1,
   "ref_yaw": 0.0,
   "ref_pitch": 0.0
  },
  {
   "idx": 31,
   "image": "data/8kpano/scenes/scene_022hf_pano/panoramas/pano_0031.jpg",
   "R_wp": [
    [
     -0.35706953358793464,
     -0.021260613999382907,
     -0.9338358177301109
    ],
    [
     0.04955302310805584,
     0.997901989978219,
     -0.04166672891364077
    ],
    [
     0.9327624810658646,
     -0.06115230731443906,
     -0.3552668704311919
    ]
   ],
   "T": [
    -15.025970170298766,
    -5.56401030141354,
    4.640300834331263
   ],
   "C": [
    -9.417901148498224,
    5.516640702935394,
    -12.615078094798777
   ],
   "n_crops": 1,
   "ref_yaw": 0.0,
   "ref_pitch": 0.0
  },
  {
   "idx": 32,
   "image": "data/8kpano/scenes/scene_022hf_pano/panoramas/pano_0032.jpg",
   "R_wp": [
    [
     -0.34831171190748283,
     0.018741101791676876,
     -0.9371914011831912
    ],
    [
     0.08873133911346909,
     0.9959699601877494,
     -0.01306092886220596
    ],
    [
     0.9331697063274234,
     -0.08770752252370981,
     -0.34857092489986
    ]
   ],
   "T": [
    -15.340481197576787,
    -8.293302139478065,
    5.161971497473317
   ],
   "C": [
    -9.424388889271741,
    9.000121052719424,
    -12.685972118476895
   ],
   "n_crops": 1,
   "ref_yaw": 0.0,
   "ref_pitch": 0.0
  },
  {
   "idx": 33,
   "image": "data/8kpano/scenes/scene_022hf_pano/panoramas/pano_0033.jpg",
   "R_wp": [
    [
     -0.3096769136823984,
     -0.01617079021663163,
     -0.9507043255796802
    ],
    [
     0.06289860256694525,
     0.9973169625178954,
     -0.03745186336090598
    ],
    [
     0.9487591764653821,
     -0.07139595099057237,
     -0.307828918808617
    ]
   ],
   "T": [
    -14.84208795666393,
    -12.391397679482308,
    5.867266014685838
   ],
   "C": [
    -9.383472865328315,
    12.537041841161754,
    -12.768404000113804
   ],
   "n_crops": 1,
   "ref_yaw": 0.0,
   "ref_pitch": 0.0
  },
  {
   "idx": 34,
   "image": "data/8kpano/scenes/scene_022hf_pano/panoramas/pano_0034.jpg",
   "R_wp": [
    [
     -0.3599529828107958,
     -0.12312756760286131,
     -0.92480995467275
    ],
    [
     0.0009724746267810361,
     0.9912031630301247,
     -0.13234554730770554
    ],
    [
     0.9329699375964431,
     -0.04853752873064998,
     -0.356666796668838
    ]
   ],
   "T": [
    -13.169620452600778,
    -17.719047884981396,
    4.901011442373759
   ],
   "C": [
    -9.295709179471748,
    16.179515960587636,
    -12.77640513234758
   ],
   "n_crops": 1,
   "ref_yaw": 0.0,
   "ref_pitch": 0.0
  },
  {
   "idx": 35,
   "image": "data/8kpano/scenes/scene_022hf_pano/panoramas/pano_0035.jpg",
   "R_wp": [
    [
     -0.3017895451764667,
     -0.11836611158514498,
     -0.9459981681009723
    ],
    [
     0.011550223817859391,
     0.9917360914710666,
     -0.12777369527195134
    ],
    [
     0.9533046012434533,
     -0.04948725595448975,
     -0.2979284288988819
    ]
   ],
   "T": [
    -12.605510857146644,
    -21.186847840162027,
    5.964530166659042
   ],
   "C": [
    -9.245512605877938,
    19.81486459389546,
    -12.854908916866984
   ],
   "n_crops": 1,
   "ref_yaw": 0.0,
   "ref_pitch": 0.0
  },
  {
   "idx": 36,
   "image": "data/8kpano/scenes/scene_022hf_pano/panoramas/pano_0036.jpg",
   "R_wp": [
    [
     -0.3006099751614064,
     -0.11072007515155714,
     -0.9472986370685291
    ],
    [
     -0.00031824122828956046,
     0.9932503405290963,
     -0.1159899123258331
    ],
    [
     0.9537471056606042,
     -0.03456625518142497,
     -0.298616195888223
    ]
   ],
   "T": [
    -12.35237569609901,
    -24.727497939934793,
    5.765136293739818
   ],
   "C": [
    -9.219598714398863,
    23.39221895618552,
    -12.84796591074955
   ],
   "n_crops": 1,
   "ref_yaw": 0.0,
   "ref_pitch": 0.0
  },
  {
   "idx": 37,
   "image": "data/8kpano/scenes/scene_022hf_pano/panoramas/pano_0037.jpg",
   "R_wp": [
    [
     -0.21436991130555297,
     -0.06617650607200865,
     -0.9745081893811628
    ],
    [
     0.07731430449312834,
     0.9934221667545997,
     -0.0844683190393896
    ],
    [
     0.9736878552429388,
     -0.09345088894546552,
     -0.20784343123541152
    ]
   ],
   "T": [
    -12.957657599555196,
    -24.545121576078387,
    8.410296078062649
   ],
   "C": [
    -9.069046057197507,
    24.312124997336415,
    -12.952603811542119
   ],
   "n_crops": 1,
   "ref_yaw": 0.0,
   "ref_pitch": 0.0
  },
  {
   "idx": 38,
   "image": "data/8kpano/scenes/scene_022hf_pano/panoramas/pano_0038.jpg",
   "R_wp": [
    [
     -0.24692290269004352,
     -0.10825976641993268,
     -0.9629687965359136
    ],
    [
     0.05811705791692306,
     0.9902965741433172,
     -0.12623431712133734
    ],
    [
     0.9672907979021639,
     -0.08713505732316354,
     -0.2382351654963741
    ]
   ],
   "T": [
    -12.223440294323265,
    -25.475059739465564,
    7.743363797558609
   ],
   "C": [
    -9.027796382204336,
    24.579276043352046,
    -13.14187680377976
   ],
   "n_crops": 1,
   "ref_yaw": 0.0,
   "ref_pitch": 0.0
  },
  {
   "idx": 39,
   "image": "data/8kpano/scenes/scene_022hf_pano/panoramas/pano_0039.jpg",
   "R_wp": [
    [
     -0.2130138942693619,
     -0.11183196433142353,
     -0.9706279887794174
    ],
    [
     0.0453873113492426,
     0.991222938469084,
     -0.12416552750743967
    ],
    [
     0.9759944020416758,
     -0.07050317727939037,
     -0.20606850602851218
    ]
   ],
   "T": [
    -12.012081218834508,
    -26.037068908767264,
    7.822275090780067
   ],
   "C": [
    -9.01148434535127,
    25.016700561912888,
    -13.280244088595904
   ],
   "n_crops": 1,
   "ref_yaw": 0.0,
   "ref_pitch": 0.0
  },
  {
   "idx": 40,
   "image": "data/8kpano/scenes/scene_022hf_pano/panoramas/pano_0040.jpg",
   "R_wp": [
    [
     -0.2524482699503002,
     -0.10518490757417306,
     -0.9618762946542105
    ],
    [
     0.03273522538744979,
     0.9925765099476874,
     -0.1171335857852087
    ],
    [
     0.9670565009439382,
     -0.061057408384901805,
     -0.24713097107280216
    ]
   ],
   "T": [
    -12.42038017135516,
    -26.794283808505746,
    6.9696401311094665
   ],
   "C": [
    -8.998422364846059,
    25.714488332615343,
    -13.362965864827506
   ],
   "n_crops": 1,
   "ref_yaw": 0.0,
   "ref_pitch": 0.0
  },
  {
   "idx": 41,
   "image": "data/8kpano/scenes/scene_022hf_pano/panoramas/pano_0041.jpg",
   "R_wp": [
    [
     -0.22561524765147106,
     -0.08071823428789945,
     -0.9708667914191986
    ],
    [
     0.0368428144544615,
     0.9951418218144559,
     -0.0912982009619019
    ],
    [
     0.973519577127363,
     -0.05636773127640947,
     -0.22154528164804393
    ]
   ],
   "T": [
    -12.935007484143975,
    -27.075899846083765,
    7.270550126826252
   ],
   "C": [
    -8.998805447643107,
    26.31009375125728,
    -13.419394082902318
   ],
   "n_crops": 1,
   "ref_yaw": 0.0,
   "ref_pitch": 0.0
  },
  {
   "idx": 42,
   "image": "data/8kpano/scenes/scene_022hf_pano/panoramas/pano_0042.jpg",
   "R_wp": [
    [
     -0.20273170815209218,
     -0.03375339144125588,
     -0.9786524219946269
    ],
    [
     0.06627063036918246,
     0.9966415584554426,
     -0.04810205307445548
    ],
    [
     0.9769892824694684,
     -0.07460772430331818,
     -0.19981398703312556
    ]
   ],
   "T": [
    -14.033482823863928,
    -26.33766883223557,
    8.036322113871345
   ],
   "C": [
    -8.95101860396264,
    26.37510937668895,
    -13.395028335964941
   ],
   "n_crops": 1,
   "ref_yaw": 0.0,
   "ref_pitch": 0.0
  },
  {
   "idx": 43,
   "image": "data/8kpano/scenes/scene_022hf_pano/panoramas/pano_0043.jpg",
   "R_wp": [
    [
     -0.19513929987493403,
     -0.0796051511423403,
     -0.9775396020396953
    ],
    [
     0.0708311046575496,
     0.9929541615980604,
     -0.09499993462147285
    ],
    [
     0.9782145001262821,
     -0.08777843058917217,
     -0.18812585911030463
    ]
   ],
   "T": [
    -12.690907203264727,
    -26.853619952709536,
    8.57170029472753
   ],
   "C": [
    -8.95938470015759,
    26.40656249931827,
    -13.344398034877727
   ],
   "n_crops": 1,
   "ref_yaw": 0.0,
   "ref_pitch": 0.0
  },
  {
   "idx": 44,
   "image": "data/8kpano/scenes/scene_022hf_pano/panoramas/pano_0044.jpg",
   "R_wp": [
    [
     -0.20229786722474163,
     -0.10403295304771358,
     -0.9737826849952168
    ],
    [
     0.03184375603653106,
     0.9931170906731694,
     -0.11271388297075538
    ],
    [
     0.9788061851652792,
     -0.053810676385188945,
     -0.19759266937101144
    ]
   ],
   "T": [
    -11.954234232134025,
    -27.452184565434038,
    7.584356829192921
   ],
   "C": [
    -8.967750796408758,
    26.42771875057928,
    -13.236455314686625
   ],
   "n_crops": 1,
   "ref_yaw": 0.0,
   "ref_pitch": 0.0
  },
  {
   "idx": 45,
   "image": "data/8kpano/scenes/scene_022hf_pano/panoramas/pano_0045.jpg",
   "R_wp": [
    [
     -0.29952919062656547,
     -0.0431522840414833,
     -0.9531107723368771
    ],
    [
     0.0694758047189413,
     0.9953380225403161,
     -0.06689793303375367
    ],
    [
     0.9515541900077212,
     -0.08625602163058677,
     -0.2951347526321048
    ]
   ],
   "T": [
    -13.947949647317884,
    -29.067402749042092,
    7.1492008644105205
   ],
   "C": [
    -8.961188909418597,
    28.946666912039145,
    -13.128512594806557
   ],
   "n_crops": 1,
   "ref_yaw": 0.0,
   "ref_pitch": 0.0
  },
  {
   "idx": 46,
   "image": "data/8kpano/scenes/scene_022hf_pano/panoramas/pano_0046.jpg",
   "R_wp": [
    [
     -0.31961629154352217,
     -0.06800729953852992,
     -0.9451033982530396
    ],
    [
     0.05235334668379333,
     0.9946300399544661,
     -0.08927603660100199
    ],
    [
     0.9460996529282594,
     -0.0780134016028887,
     -0.3143395550982628
    ]
   ],
   "T": [
    -12.998481024784107,
    -32.65071551015206,
    6.8382162725876485
   ],
   "C": [
    -8.914786114406986,
    32.124863392126855,
    -13.050313200793445
   ],
   "n_crops": 1,
   "ref_yaw": 0.0,
   "ref_pitch": 0.0
  },
  {
   "idx": 47,
   "image": "data/8kpano/scenes/scene_022hf_pano/panoramas/pano_0047.jpg",
   "R_wp": [
    [
     -0.32951538527608354,
     -0.06990719843198918,
     -0.941558598534231
    ],
    [
     0.055929087458555446,
     0.9940585447075894,
     -0.09337851396270473
    ],
    [
     0.9424922005207296,
     -0.08343017020970489,
     -0.32364773853121903
    ]
   ],
   "T": [
    -12.708064646397558,
    -36.086010574375464,
    7.139260701669574
   ],
   "C": [
    -8.89794270543419,
    35.578851694455835,
    -13.024439999941961
   ],
   "n_crops": 1,
   "ref_yaw": 0.0,
   "ref_pitch": 0.0
  },
  {
   "idx": 48,
   "image": "data/8kpano/scenes/scene_022hf_pano/panoramas/pano_0048.jpg",
   "R_wp": [
    [
     -0.32936151329700514,
     -0.056627107194374006,
     -0.9425043046530368
    ],
    [
     0.04981255798270875,
     0.9957678196304706,
     -0.0772344382746344
    ],
    [
     0.9428890192519619,
     -0.07238660179325952,
     -0.32514685490543843
    ]
   ],
   "T": [
    -12.992396637064413,
    -39.526178979443586,
    6.978182868164123
   ],
   "C": [
    -8.889947336214119,
    39.12830216812374,
    -13.02923777627426
   ],
   "n_crops": 1,
   "ref_yaw": 0.0,
   "ref_pitch": 0.0
  },
  {
   "idx": 49,
   "image": "data/8kpano/scenes/scene_022hf_pano/panoramas/pano_0049.jpg",
   "R_wp": [
    [
     -0.342983718598898,
     -0.07395553451967121,
     -0.9364255163599409
    ],
    [
     0.03582331294222854,
     0.9951408441882432,
     -0.09171363300051755
    ],
    [
     0.9386580096211373,
     -0.06500214721238239,
     -0.3386677750124223
    ]
   ],
   "T": [
    -12.073422697778556,
    -43.310867674375565,
    6.713939215329087
   ],
   "C": [
    -8.89154146717992,
    42.64393745615706,
    -13.004263251196631
   ],
   "n_crops": 1,
   "ref_yaw": 0.0,
   "ref_pitch": 0.0
  },
  {
   "idx": 50,
   "image": "data/8kpano/scenes/scene_022hf_pano/panoramas/pano_0050.jpg",
   "R_wp": [
    [
     -0.328164466552907,
     -0.07397452498154576,
     -0.9417196252313111
    ],
    [
     0.049278954549377925,
     0.9942307896117482,
     -0.09527183018353297
    ],
    [
     0.9433343349685553,
     -0.07767178793972926,
     -0.32262582944903745
    ]
   ],
   "T": [
    -11.710082032570957,
    -46.63608930837337,
    7.831662922586776
   ],
   "C": [
    -8.932531632897652,
    46.109087403352305,
    -12.944022897787224
   ],
   "n_crops": 1,
   "ref_yaw": 0.0,
   "ref_pitch": 0.0
  },
  {
   "idx": 51,
   "image": "data/8kpano/scenes/scene_022hf_pano/panoramas/pano_0051.jpg",
   "R_wp": [
    [
     -0.34104580049720923,
     -0.05756783817370855,
     -0.9382823167742339
    ],
    [
     0.03837900279503996,
     0.9964382351504762,
     -0.07508592194720994
    ],
    [
     0.9392629100031983,
     -0.061618078014572406,
     -0.3376216793307475
    ]
   ],
   "T": [
    -12.37449214711415,
    -50.051436232895625,
    7.071026960958684
   ],
   "C": [
    -8.940897729042018,
    49.59649511616972,
    -12.981593397875923
   ],
   "n_crops": 1,
   "ref_yaw": 0.0,
   "ref_pitch": 0.0
  },
  {
   "idx": 52,
   "image": "data/8kpano/scenes/scene_022hf_pano/panoramas/pano_0052.jpg",
   "R_wp": [
    [
     -0.322575716738124,
     -0.08580932988291337,
     -0.9426460978946083
    ],
    [
     0.034896513819438875,
     0.9941271677895296,
     -0.10243733492246593
    ],
    [
     0.9459001745925071,
     -0.0659388593153771,
     -0.317686837212453
    ]
   ],
   "T": [
    -10.589552112815001,
    -53.76522020614827,
    7.833332110801846
   ],
   "C": [
    -8.949263824046538,
    53.057304702582556,
    -13.001219343918615
   ],
   "n_crops": 1,
   "ref_yaw": 0.0,
   "ref_pitch": 0.0
  },
  {
   "idx": 53,
   "image": "data/8kpano/scenes/scene_022hf_pano/panoramas/pano_0053.jpg",
   "R_wp": [
    [
     -0.6161096307410747,
     -0.16417290480460808,
     -0.770361071340001
    ],
    [
     -0.05738437578501788,
     0.9847936985767836,
     -0.16397684183817934
    ],
    [
     0.7855672831297524,
     -0.05682102226708498,
     -0.6161618416493048
    ]
   ],
   "T": [
    -6.239872015114257,
    -58.330030791437295,
    2.237865569250729
   ],
   "C": [
    -8.94967162483701,
    56.54578665620804,
    -12.992841353578463
   ],
   "n_crops": 1,
   "ref_yaw": 0.0,
   "ref_pitch": 0.0
  },
  {
   "idx": 54,
   "image": "data/8kpano/scenes/scene_022hf_pano/panoramas/pano_0054.jpg",
   "R_wp": [
    [
     -0.5208825964970443,
     -0.17468133900536273,
     -0.8355643305394218
    ],
    [
     -0.03637367153462002,
     0.982491424648225,
     -0.1827226217844775
    ],
    [
     0.8528530217367991,
     -0.06478449116876048,
     -0.5181164859550561
    ]
   ],
   "T": [
    -5.0590622961981255,
    -61.69418865808827,
    4.780757781901021
   ],
   "C": [
    -8.956505379014157,
    60.0400064914916,
    -13.023106478991227
   ],
   "n_crops": 1,
   "ref_yaw": 0.0,
   "ref_pitch": 0.0
  },
  {
   "idx": 55,
   "image": "data/8kpano/scenes/scene_022hf_pano/panoramas/pano_0055.jpg",
   "R_wp": [
    [
     -0.503303728999724,
     -0.1962290585554068,
     -0.8415340236457652
    ],
    [
     -0.04230906959130768,
     0.9783022998853129,
     -0.20281654929868273
    ],
    [
     0.86307317129273,
     -0.06647380399500168,
     -0.500685464515542
    ]
   ],
   "T": [
    -3.0529839953989297,
    -65.11952935282117,
    5.447617609753012
   ],
   "C": [
    -8.993417535042123,
    63.469625023342694,
    -13.048965187625432
   ],
   "n_crops": 1,
   "ref_yaw": 0.0,
   "ref_pitch": 0.0
  },
  {
   "idx": 56,
   "image": "data/8kpano/scenes/scene_022hf_pano/panoramas/pano_0056.jpg",
   "R_wp": [
    [
     -0.5826273142084369,
     -0.1880505274982495,
     -0.7906847740066162
    ],
    [
     -0.07765099617698197,
     0.9812931088987981,
     -0.17616514189945182
    ],
    [
     0.8090214679048917,
     -0.04124116311844051,
     -0.5863304792807998
    ]
   ],
   "T": [
    -3.0351022004189905,
    -68.46823363494342,
    2.37568078714726
   ],
   "C": [
    -9.00693674930124,
    66.71462911350307,
    -13.06859113678367
   ],
   "n_crops": 1,
   "ref_yaw": 0.0,
   "ref_pitch": 0.0
  },
  {
   "idx": 57,
   "image": "data/8kpano/scenes/scene_022hf_pano/panoramas/pano_0057.jpg",
   "R_wp": [
    [
     -0.5698380159953387,
     -0.18326778354242804,
     -0.8010602692943539
    ],
    [
     -0.09182041979200921,
     0.9829096194138941,
     -0.15955466327517087
    ],
    [
     0.8166110739120035,
     -0.017366622558220038,
     -0.5769269922487639
    ]
   ],
   "T": [
    -2.9457597616296574,
    -70.84285548180159,
    0.9752470515268284
   ],
   "C": [
    -8.979824169846452,
    69.10919800489364,
    -13.100392711641103
   ],
   "n_crops": 1,
   "ref_yaw": 0.0,
   "ref_pitch": 0.0
  },
  {
   "idx": 58,
   "image": "data/8kpano/scenes/scene_022hf_pano/panoramas/pano_0058.jpg",
   "R_wp": [
    [
     -0.5534776397133887,
     -0.20231526155829133,
     -0.8079177168981363
    ],
    [
     -0.09929252305851476,
     0.9791579039152938,
     -0.17717447351377344
    ],
    [
     0.8269241181644001,
     -0.017841920883375162,
     -0.5620303983391118
    ]
   ],
   "T": [
    -1.3525201196914252,
    -72.02734666383992,
    1.2830475163170474
   ],
   "C": [
    -8.96134955896811,
    70.27540235444322,
    -13.133020484236091
   ],
   "n_crops": 1,
   "ref_yaw": 0.0,
   "ref_pitch": 0.0
  },
  {
   "idx": 59,
   "image": "data/8kpano/scenes/scene_022hf_pano/panoramas/pano_0059.jpg",
   "R_wp": [
    [
     -0.39006996442565867,
     -0.1993416341514194,
     -0.8989484611182155
    ],
    [
     -0.048406998222509684,
     0.9793740721755202,
     -0.19617132632835182
    ],
    [
     0.9195119278052085,
     -0.033005145722757354,
     -0.39167393962295766
    ]
   ],
   "T": [
    -1.1441638681945827,
    -72.3875756890053,
    5.430565345216426
   ],
   "C": [
    -8.943838816725357,
    70.84567188280774,
    -13.10190015804589
   ],
   "n_crops": 1,
   "ref_yaw": 0.0,
   "ref_pitch": 0.0
  },
  {
   "idx": 60,
   "image": "data/8kpano/scenes/scene_022hf_pano/panoramas/pano_0060.jpg",
   "R_wp": [
    [
     -0.2389229701740667,
     -0.06172263340763829,
     -0.9690748840251867
    ],
    [
     0.11066605254153125,
     0.9897447526485789,
     -0.09032358174628831
    ],
    [
     0.9647117907116493,
     -0.12882407045979324,
     -0.22964215582530415
    ]
   ],
   "T": [
    -10.182468817674453,
    -70.48290875359592,
    14.40690145026644
   ],
   "C": [
    -8.531268106910973,
    70.98755598779853,
    -12.925411651297667
   ],
   "n_crops": 1,
   "ref_yaw": 0.0,
   "ref_pitch": 0.0
  },
  {
   "idx": 61,
   "image": "data/8kpano/scenes/scene_022hf_pano/panoramas/pano_0061.jpg",
   "R_wp": [
    [
     -0.10076755899515095,
     -0.06159194905516035,
     -0.9930016771716682
    ],
    [
     0.1371294242679038,
     0.9876961685033654,
     -0.07517845252281237
    ],
    [
     0.9854143392777032,
     -0.14374529743737058,
     -0.09108166341547537
    ]
   ],
   "T": [
    -6.821830829544949,
    -70.45578433709181,
    13.027137430408121
   ],
   "C": [
    -3.8629861217475536,
    71.04132812642027,
    -10.884312946159525
   ],
   "n_crops": 1,
   "ref_yaw": 0.0,
   "ref_pitch": 0.0
  },
  {
   "idx": 62,
   "image": "data/8kpano/scenes/scene_022hf_pano/panoramas/pano_0062.jpg",
   "R_wp": [
    [
     -0.17476771805108662,
     -0.04199133732454709,
     -0.9837138670959725
    ],
    [
     0.12165313876532029,
     0.9905140019584405,
     -0.06389464572888744
    ],
    [
     0.9770653809012793,
     -0.13083860100891673,
     -0.1680014938334417
    ]
   ],
   "T": [
    -3.5979815335280043,
    -71.35939742674609,
    4.267066798652567
   ],
   "C": [
    3.883080408204293,
    71.08969531659456,
    -7.3819941496348545
   ],
   "n_crops": 1,
   "ref_yaw": 0.0,
   "ref_pitch": 0.0
  },
  {
   "idx": 63,
   "image": "data/8kpano/scenes/scene_022hf_pano/panoramas/pano_0063.jpg",
   "R_wp": [
    [
     -0.15366388215354937,
     -0.05163725553635187,
     -0.98677302616264
    ],
    [
     0.10466867734068956,
     0.9921646364073248,
     -0.0682187822118774
    ],
    [
     0.9825639314086644,
     -0.11376699039437813,
     -0.14705506652732123
    ]
   ],
   "T": [
    2.617629322195608,
    -71.8084292736105,
    -5.318947083248456
   ],
   "C": [
    13.144533954740087,
    70.7758307137144,
    -3.097855707140821
   ],
   "n_crops": 1,
   "ref_yaw": 0.0,
   "ref_pitch": 0.0
  },
  {
   "idx": 64,
   "image": "data/8kpano/scenes/scene_022hf_pano/panoramas/pano_0064.jpg",
   "R_wp": [
    [
     -0.20144421417241923,
     -0.07088603191942179,
     -0.9769316245547465
    ],
    [
     0.12482036046233883,
     0.9873887046105041,
     -0.09738287129491846
    ],
    [
     0.9715143365851626,
     -0.14155817350584055,
     -0.19005572162705894
    ]
   ],
   "T": [
    10.819810567814221,
    -72.33825094818411,
    -12.320520255256358
   ],
   "C": [
    23.17843685806468,
    70.44887499081344,
    1.184123165669269
   ],
   "n_crops": 1,
   "ref_yaw": 0.0,
   "ref_pitch": 0.0
  },
  {
   "idx": 65,
   "image": "data/8kpano/scenes/scene_022hf_pano/panoramas/pano_0065.jpg",
   "R_wp": [
    [
     -0.24380321070099478,
     -0.040015477554807666,
     -0.9689988421086724
    ],
    [
     0.1305223200675223,
     0.9887046027402199,
     -0.07366907413898169
    ],
    [
     0.9610015184254797,
     -0.1444367338192201,
     -0.23582644361385396
    ]
   ],
   "T": [
    16.15647550176775,
