{
 "scene_dir": "data/8kpano/scenes/scene_023hf_pano",
 "point_cloud": "/w/p3_pano/gps_init_023v2.ply",
 "cameras_extent": 316.81585864965865,
 "cameras": [
  {
   "idx": 1,
   "image": "data/8kpano/scenes/scene_023hf_pano/panoramas/pano_0001.jpg",
   "R_wp": [
    [
     -0.37726215840039234,
     -0.04749533912378953,
     -0.9248878075748396
    ],
    [
     -0.01537443290040876,
     0.9988676301312531,
     -0.0450231528101318
    ],
    [
     0.9259788824007099,
     -0.0027659062691758308,
     -0.3775651720040424
    ]
   ],
   "T": [
    0.0,
    0.0,
    0.0
   ],
   "C": [
    0.0,
    0.0,
    0.0
   ],
   "n_crops": 1,
   "ref_yaw": 0.0,
   "ref_pitch": 0.0
  },
  {
   "idx": 2,
   "image": "data/8kpano/scenes/scene_023hf_pano/panoramas/pano_0002.jpg",
   "R_wp": [
    [
     -0.598098864569686,
     -0.023782867851023223,
     -0.8010693624132894
    ],
    [
     -0.0270668437758483,
     0.9995887879313666,
     -0.009467893636659855
    ],
    [
     0.8009651266868407,
     0.01601968285210618,
     -0.5984966462670046
    ]
   ],
   "T": [
    0.04957630972565191,
    0.11510422839419077,
    0.005554064034409951
   ],
   "C": [
    0.02831843112140464,
    -0.11396680366794931,
    0.04412794611204426
   ],
   "n_crops": 1,
   "ref_yaw": 0.0,
   "ref_pitch": 0.0
  },
  {
   "idx": 3,
   "image": "data/8kpano/scenes/scene_023hf_pano/panoramas/pano_0003.jpg",
   "R_wp": [
    [
     -0.5466330412730314,
     -0.02379795419331717,
     -0.8370340348903442
    ],
    [
     -0.027489077815388705,
     0.9995673028496589,
     -0.010466980210051276
    ],
    [
     0.8369209453642896,
     0.017287696494064603,
     -0.5470506985284577
    ]
   ],
   "T": [
    0.008236220028737463,
    0.00019998671384458254,
    -0.05111028912347537
   ],
   "C": [
    0.04728295894430269,
    0.000879684172897105,
    -0.021063829627113742
   ],
   "n_crops": 1,
   "ref_yaw": 0.0,
   "ref_pitch": 0.0
  },
  {
   "idx": 4,
   "image": "data/8kpano/scenes/scene_023hf_pano/panoramas/pano_0004.jpg",
   "R_wp": [
    [
     -0.4252238105490285,
     0.03333389116497718,
     -0.9044741912525563
    ],
    [
     -0.020224497322223565,
     0.9987221026396083,
     0.046315563336558556
    ],
    [
     0.9048622440185178,
     0.03798701618870382,
     -0.424006256971347
    ]
   ],
   "T": [
    -2.7320594138945147,
    0.7204794218581083,
    1.2812597110653046
   ],
   "C": [
    -2.306528917809553,
    -0.6771597853338605,
    -1.9611845048349401
   ],
   "n_crops": 1,
   "ref_yaw": 0.0,
   "ref_pitch": 0.0
  },
  {
   "idx": 5,
   "image": "data/8kpano/scenes/scene_023hf_pano/panoramas/pano_0005.jpg",
   "R_wp": [
    [
     -0.15114879550503307,
     0.013729334120472725,
     -0.9884156752105802
    ],
    [
     0.024002542997714232,
     0.9996597075338071,
     0.010215041021271127
    ],
    [
     0.9882195705140742,
     -0.02218049859745729,
     -0.15142689964120534
    ]
   ],
   "T": [
    -9.663136234761382,
    2.5542553641546375,
    8.693325457387534
   ],
   "C": [
    -10.11279437672906,
    -2.227895451163975,
    -8.26088382787297
   ],
   "n_crops": 1,
   "ref_yaw": 0.0,
   "ref_pitch": 0.0
  },
  {
   "idx": 6,
   "image": "data/8kpano/scenes/scene_023hf_pano/panoramas/pano_0006.jpg",
   "R_wp": [
    [
     -0.3300262772451335,
     0.00018896673153078627,
     -0.9439717265995273
    ],
    [
     0.006699726016842421,
     0.9999752621387366,
     -0.0021421442210852134
    ],
    [
     0.9439479699639265,
     -0.007031315818469794,
     -0.33001937912620144
    ]
   ],
   "T": [
    -18.066272818925167,
    1.7445428378507184,
    12.42902503635693
   ],
   "C": [
    -17.706385672863,
    -1.6536933567202057,
    -12.948494558097835
   ],
   "n_crops": 1,
   "ref_yaw": 0.0,
   "ref_pitch": 0.0
  },
  {
   "idx": 7,
   "image": "data/8kpano/scenes/scene_023hf_pano/panoramas/pano_0007.jpg",
   "R_wp": [
    [
     0.002404519689873202,
     -0.04937598984602188,
     -0.9987773675408282
    ],
    [
     -0.00565005559709849,
     0.9987636417520904,
     -0.049388913592540724
    ],
    [
     0.9999811474006951,
     0.005761904270923935,
     0.0021225697543302475
    ]
   ],
   "T": [
    -16.29545662736534,
    -3.8081225013286155,
    25.484664748487443
   ],
   "C": [
    -25.466517653851618,
    2.8519697980385885,
    -16.51770528491802
   ],
   "n_crops": 1,
   "ref_yaw": 0.0,
   "ref_pitch": 0.0
  },
  {
   "idx": 8,
   "image": "data/8kpano/scenes/scene_023hf_pano/panoramas/pano_0008.jpg",
   "R_wp": [
    [
     -0.04672628085493684,
     -0.11911031184476005,
     -0.9917809174861708
    ],
    [
     0.03728355513703388,
     0.9919656110798929,
     -0.1208890522389785
    ],
    [
     0.998211696582348,
     -0.042625814328159456,
     -0.04191000786270496
    ]
   ],
   "T": [
    -21.51485302993163,
    -10.016891493452121,
    34.79891146433863
   ],
   "C": [
    -35.36852419096785,
    8.857102976634831,
    -21.090530543545803
   ],
   "n_crops": 1,
   "ref_yaw": 0.0,
   "ref_pitch": 0.0
  },
  {
   "idx": 9,
   "image": "data/8kpano/scenes/scene_023hf_pano/panoramas/pano_0009.jpg",
   "R_wp": [
    [
     -0.11699385218190833,
     -0.01153096113721048,
     -0.9930656954536747
    ],
    [
     0.017909677015165985,
     0.99974549104703,
     -0.013718476604389311
    ],
    [
     0.9929711385638812,
     -0.019390463284431492,
     -0.11675756040944392
    ]
   ],
   "T": [
    -30.988023884208086,
    -14.950726521708784,
    43.14333179683986
   ],
   "C": [
    -46.197728898319966,
    15.426168920002514,
    -25.940934512778647
   ],
   "n_crops": 1,
   "ref_yaw": 0.0,
   "ref_pitch": 0.0
  },
  {
   "idx": 10,
   "image": "data/8kpano/scenes/scene_023hf_pano/panoramas/pano_0010.jpg",
   "R_wp": [
    [
     -0.11861468004371649,
     0.06024968641072261,
     -0.9911107571636669
    ],
    [
     0.08379997816834553,
     0.9952036974753663,
     0.05046943818138127
    ],
    [
     0.9893978579606446,
     -0.07706864355085728,
     -0.12309469056023266
    ]
   ],
   "T": [
    -38.98540953444907,
    -15.880034794576773,
    54.46166455768117
   ],
   "C": [
    -57.177749563544715,
    22.350014655626694,
    -31.13346058151741
   ],
   "n_crops": 1,
   "ref_yaw": 0.0,
   "ref_pitch": 0.0
  },
  {
   "idx": 11,
   "image": "data/8kpano/scenes/scene_023hf_pano/panoramas/pano_0011.jpg",
   "R_wp": [
    [
     -0.07753375088495826,
     0.03947879525569424,
     -0.9962077806355804
    ],
    [
     0.08110970781889813,
     0.9961532850286866,
     0.03316395670135634
    ],
    [
     0.9936849263077521,
     -0.07823079605702239,
     -0.08043761419287873
    ]
   ],
   "T": [
    -43.091134940097994,
    -22.500479463273198,
    67.43928355075185
   ],
   "C": [
    -68.5294095121209,
    29.390941463386287,
    -36.756863905364064
   ],
   "n_crops": 1,
   "ref_yaw": 0.0,
   "ref_pitch": 0.0
  },
  {
   "idx": 12,
   "image": "data/8kpano/scenes/scene_023hf_pano/panoramas/pano_0012.jpg",
   "R_wp": [
    [
     -0.09292067782723737,
     0.006971757913051437,
     -0.995649105972445
    ],
    [
     0.0637029574490054,
     0.9979683590984746,
     0.0010428089700783524
    ],
    [
     0.9936335747368731,
     -0.06332889411555916,
     -0.0931760179752461
    ]
   ],
   "T": [
    -49.90974524228557,
    -31.61468932725298,
    78.06137128291994
   ],
   "C": [
    -80.18809754583039,
    36.84195860914937,
    -42.3861774143477
   ],
   "n_crops": 1,
   "ref_yaw": 0.0,
   "ref_pitch": 0.0
  },
  {
   "idx": 13,
   "image": "data/8kpano/scenes/scene_023hf_pano/panoramas/pano_0013.jpg",
   "R_wp": [
    [
     -0.15295813784278695,
     0.12662372786352138,
     -0.9800868530949755
    ],
    [
     0.05452347478550567,
     0.9913278858437778,
     0.11956677400440283
    ],
    [
     0.986727418674976,
     -0.03514902972274706,
     -0.1585356330437048
    ]
   ],
   "T": [
    -67.12854171076538,
    -33.6234516643706,
    83.46815432117616
   ],
   "C": [
    -90.79490577205522,
    44.76575608780777,
    -48.53887686745978
   ],
   "n_crops": 1,
   "ref_yaw": 0.0,
   "ref_pitch": 0.0
  },
  {
   "idx": 14,
   "image": "data/8kpano/scenes/scene_023hf_pano/panoramas/pano_0014.jpg",
   "R_wp": [
    [
     -0.15197160377252183,
     0.015066338518024008,
     -0.9882700223574876
    ],
    [
     0.047244478971241795,
     0.9988516185650042,
     0.00796261871542751
    ],
    [
     0.9872550789201058,
     -0.0454802103527645,
     -0.15250888371739157
    ]
   ],
   "T": [
    -70.34827991844722,
    -47.2245136531896,
    93.6286332597186
   ],
   "C": [
    -100.89518709763452,
    52.48842283353943,
    -54.867867029148016
   ],
   "n_crops": 1,
   "ref_yaw": 0.0,
   "ref_pitch": 0.0
  },
  {
   "idx": 15,
   "image": "data/8kpano/scenes/scene_023hf_pano/panoramas/pano_0015.jpg",
   "R_wp": [
    [
     -0.1518746009215845,
     0.057231406400317084,
     -0.9867414411670121
    ],
    [
     0.06404283719734684,
     0.9967941676823049,
     0.04795729640268475
    ],
    [
     0.9863227770859923,
     -0.05591022622009839,
     -0.155052978060384
    ]
   ],
   "T": [
    -80.55609099385995,
    -49.65226855309105,
    103.4585901014961
   ],
   "C": [
    -111.09811592237972,
    59.88782326459428,
    -61.06528226083047
   ],
   "n_crops": 1,
   "ref_yaw": 0.0,
   "ref_pitch": 0.0
  },
  {
   "idx": 16,
   "image": "data/8kpano/scenes/scene_023hf_pano/panoramas/pano_0016.jpg",
   "R_wp": [
    [
     -0.2504919898596439,
     0.050631226301174025,
     -0.9667937949425391
    ],
    [
     0.07937693236322792,
     0.9963432895453623,
     0.031612528948662344
    ],
    [
     0.9648590910722458,
     -0.06882244038949627,
     -0.2535949646070971
    ]
   ],
   "T": [
    -98.84082817579893,
    -55.18334978554243,
    104.81537756419037
   ],
   "C": [
    -121.51062063260662,
    67.19964266693808,
    -67.23356216109406
   ],
   "n_crops": 1,
   "ref_yaw": 0.0,
   "ref_pitch": 0.0
  },
  {
   "idx": 17,
   "image": "data/8kpano/scenes/scene_023hf_pano/panoramas/pano_0017.jpg",
   "R_wp": [
    [
     -0.24161410972547104,
     0.08393173361116231,
     -0.9667357891764401
    ],
    [
     0.06368766302288513,
     0.9954759032828409,
     0.07050962744119103
    ],
    [
     0.9682801782336827,
     -0.044533022311953795,
     -0.24586644009199718
    ]
   ],
   "T": [
    -109.14257643265192,
    -60.44199001738564,
    113.23350284660495
   ],
   "C": [
    -132.16273366359428,
    74.37170036827925,
    -73.40997431839776
   ],
   "n_crops": 1,
   "ref_yaw": 0.0,
   "ref_pitch": 0.0
  },
  {
   "idx": 18,
   "image": "data/8kpano/scenes/scene_023hf_pano/panoramas/pano_0018.jpg",
   "R_wp": [
    [
     -0.2604964651647657,
     0.07793027888077411,
     -0.9623245103759064
    ],
    [
     0.06091109622786019,
     0.9960779904543194,
     0.06417534798351311
    ],
    [
     0.9635514672257954,
     -0.04189878955351126,
     -0.2642216142577445
    ]
   ],
   "T": [
    -120.52187721553938,
    -67.1806993680095,
    120.09975277016864
   ],
   "C": [
    -143.02576594096132,
    81.34155379319009,
    -79.93686117242117
   ],
   "n_crops": 1,
   "ref_yaw": 0.0,
   "ref_pitch": 0.0
  },
  {
   "idx": 19,
   "image": "data/8kpano/scenes/scene_023hf_pano/panoramas/pano_0019.jpg",
   "R_wp": [
    [
     -0.2715086978738671,
     0.050522878080029775,
     -0.9611089770516911
    ],
    [
     -0.0582869425322621,
     0.9959249966731897,
     0.0688188443069755
    ],
    [
     0.9606693808533078,
     0.07470501851962397,
     -0.2674574749355582
    ]
   ],
   "T": [
    -127.91336398419232,
    -87.44451221720612,
    116.58586802837954
   ],
   "C": [
    -151.82693780944885,
    84.84117740220293,
    -85.73909026227172
   ],
   "n_crops": 1,
   "ref_yaw": 0.0,
   "ref_pitch": 0.0
  },
  {
   "idx": 20,
   "image": "data/8kpano/scenes/scene_023hf_pano/panoramas/pano_0020.jpg",
   "R_wp": [
    [
     -0.9894196233892882,
     0.001334209555939871,
     -0.14507594127580387
    ],
    [
     -0.0038470922265601082,
     0.9993648265782182,
     0.03542800135045685
    ],
    [
     0.14503106127171497,
     0.0356112802795473,
     -0.9887860375143109
    ]
   ],
   "T": [
    -165.02645048636305,
    -82.97938677042025,
    -66.79784755890631
   ],
   "C": [
    -153.91187512116306,
    85.5256172081004,
    -87.0503528154073
   ],
   "n_crops": 1,
   "ref_yaw": 0.0,
   "ref_pitch": 0.0
  },
  {
   "idx": 21,
   "image": "data/8kpano/scenes/scene_023hf_pano/panoramas/pano_0021.jpg",
   "R_wp": [
    [
     -0.8669942520672698,
     0.06812747884254539,
     -0.4936391531360477
    ],
    [
     0.04855154924358757,
     0.9974459882927351,
     0.05238556580562929
    ],
    [
     0.49594728948585176,
     0.021451038792724565,
     -0.8680876332412242
    ]
   ],
   "T": [
    -182.2767599810283,
    -73.41158146774953,
    -0.8433548889957306
   ],
   "C": [
    -154.05039760504368,
    85.66023437676719,
    -86.86534415111402
   ],
   "n_crops": 1,
   "ref_yaw": 0.0,
   "ref_pitch": 0.0
  },
  {
   "idx": 22,
   "image": "data/8kpano/scenes/scene_023hf_pano/panoramas/pano_0022.jpg",
   "R_wp": [
    [
     -0.8243138498523377,
     0.021655395594080452,
     -0.5657187647438277
    ],
    [
     0.0001867752137008101,
     0.9992784947590558,
     0.03797966596871021
    ],
    [
     0.5661330603812479,
     0.03120150242759377,
     -0.8237231477806262
    ]
   ],
   "T": [
    -177.95275663006967,
    -82.43390615400585,
    13.04090722378978
   ],
   "C": [
    -154.05641401588267,
    85.82117110216446,
    -86.79830429500154
   ],
   "n_crops": 1,
   "ref_yaw": 0.0,
   "ref_pitch": 0.0
  },
  {
   "idx": 23,
   "image": "data/8kpano/scenes/scene_023hf_pano/panoramas/pano_0023.jpg",
   "R_wp": [
    [
     -0.8852425796694772,
     0.0375496905201086,
     -0.4636114708265682
    ],
    [
     0.005523151575994325,
     0.9975143813259191,
     0.07024637958384315
    ],
    [
     0.46509683931069473,
     0.059624489849497656,
     -0.8832495968147336
    ]
   ],
   "T": [
    -179.8740931663959,
    -79.0092145566356,
    -10.087707891012839
   ],
   "C": [
    -154.10406532643194,
    86.16851874524487,
    -86.75154554762305
   ],
   "n_crops": 1,
   "ref_yaw": 0.0,
   "ref_pitch": 0.0
  },
  {
   "idx": 24,
   "image": "data/8kpano/scenes/scene_023hf_pano/panoramas/pano_0024.jpg",
   "R_wp": [
    [
     -0.854950152378509,
     0.060014207559891106,
     -0.5152266800534724
    ],
    [
     0.024367918234989194,
     0.9968345775372633,
     0.07567714045204345
    ],
    [
     0.5181374735616574,
     0.05214518114901631,
     -0.8537062952644073
    ]
   ],
   "T": [
    -181.60348102130797,
    -75.73506799953289,
    1.3343694717811545
   ],
   "C": [
    -154.1078046540074,
    86.32454257985607,
    -86.69638561634822
   ],
   "n_crops": 1,
   "ref_yaw": 0.0,
   "ref_pitch": 0.0
  },
  {
   "idx": 25,
   "image": "data/8kpano/scenes/scene_023hf_pano/panoramas/pano_0025.jpg",
   "R_wp": [
    [
     -0.8744824232441487,
     0.03374581440682355,
     -0.4838819189090067
    ],
    [
     -0.00047228686046850356,
     0.9975173073670991,
     0.07042015654778173
    ],
    [
     0.4850569743670978,
     0.06180972021545543,
     -0.872295414469619
    ]
   ],
   "T": [
    -179.61844916083652,
    -80.23905729725729,
    -6.164829848951903
   ],
   "C": [
    -154.12077881996146,
    86.48226563839708,
    -86.6412256835122
   ],
   "n_crops": 1,
   "ref_yaw": 0.0,
   "ref_pitch": 0.0
  },
  {
   "idx": 26,
   "image": "data/8kpano/scenes/scene_023hf_pano/panoramas/pano_0026.jpg",
   "R_wp": [
    [
     -0.7415028994475318,
     0.05771446821799471,
     -0.6684627815138389
    ],
    [
     0.014629450800504621,
     0.9974473732290898,
     0.06989074908501268
    ],
    [
     0.6707901529391882,
     0.04204494971697146,
     -0.740454450268967
    ]
   ],
   "T": [
    -177.22179499789456,
    -78.04688230808065,
    35.64139104002727
   ],
   "C": [
    -154.1765859580813,
    86.57737890773605,
    -86.62059235154162
   ],
   "n_crops": 1,
   "ref_yaw": 0.0,
   "ref_pitch": 0.0
  },
  {
   "idx": 27,
   "image": "data/8kpano/scenes/scene_023hf_pano/panoramas/pano_0027.jpg",
   "R_wp": [
    [
     -0.8886309874944665,
     0.02627399285331278,
     -0.4578696816389509
    ],
    [
     -0.001209202379900787,
     0.998219947788282,
     0.05962779274100053
    ],
    [
     0.45862130989980654,
     0.05354076145427278,
     -0.887017407365088
    ]
   ],
   "T": [
    -178.9201103483532,
    -81.3974286246563,
    -10.717815441501946
   ],
   "C": [
    -154.17696174884063,
    86.52732265227573,
    -86.57543382586353
   ],
   "n_crops": 1,
   "ref_yaw": 0.0,
   "ref_pitch": 0.0
  },
  {
   "idx": 28,
   "image": "data/8kpano/scenes/scene_023hf_pano/panoramas/pano_0028.jpg",
   "R_wp": [
    [
     -0.8530141822185863,
     -0.0489322150370231,
     -0.5195887251139379
    ],
    [
     -0.06727679873305206,
     0.9975979005939801,
     0.016500335836446944
    ],
    [
     0.5175332233646351,
     0.04903128656331203,
     -0.8542571601407606
    ]
   ],
   "T": [
    -172.24033636615482,
    -95.4730908022359,
    1.568033077099645
   ],
   "C": [
    -154.15808279748788,
    86.73877109126707,
    -86.57929524065584
   ],
   "n_crops": 1,
   "ref_yaw": 0.0,
   "ref_pitch": 0.0
  },
  {
   "idx": 29,
   "image": "data/8kpano/scenes/scene_023hf_pano/panoramas/pano_0029.jpg",
   "R_wp": [
    [
     -0.5833518019800324,
     0.045821409357184074,
     -0.8109260592502691
    ],
    [
     -0.020660182012695396,
     0.9972472360386242,
     0.0712117061481257
    ],
    [
     0.8119567919574607,
     0.05829535708652993,
     -0.5807992935053408
    ]
   ],
   "T": [
    -164.1533217964343,
    -83.78470380102284,
    69.78612522043866
   ],
   "C": [
    -154.15346165849604,
    87.00759375385009,
    -86.6180224259315
   ],
   "n_crops": 1,
   "ref_yaw": 0.0,
   "ref_pitch": 0.0
  },
  {
   "idx": 30,
   "image": "data/8kpano/scenes/scene_023hf_pano/panoramas/pano_0030.jpg",
   "R_wp": [
    [
     -0.6652937744129424,
     0.05966744985751957,
     -0.7441935159317649
    ],
    [
     -0.003106101719787916,
     0.996571371271445,
     0.08267922407871185
    ],
    [
     0.7465752111204118,
     0.05731751381255055,
     -0.6628273958964436
    ]
   ],
   "T": [
    -172.2599252389656,
    -80.15734853015378,
    52.6983595732195
   ],
   "C": [
    -154.19572164452154,
    87.14029024109783,
    -86.63745559311718
   ],
   "n_crops": 1,
   "ref_yaw": 0.0,
   "ref_pitch": 0.0
  },
  {
   "idx": 31,
   "image": "data/8kpano/scenes/scene_023hf_pano/panoramas/pano_0031.jpg",
   "R_wp": [
    [
     -0.8958118642095024,
     -0.06333811603489062,
     -0.43989701862895964
    ],
    [
     -0.07651094049055149,
     0.9969934037605525,
     0.012256787637845932
    ],
    [
     0.43779810406938446,
     0.044636710397369814,
     -0.8979645784540468
    ]
   ],
   "T": [
    -170.68226582123447,
    -97.49501828588474,
    -14.13840937982831
   ],
   "C": [
    -154.1688654539727,
    87.02228905782499,
    -86.58343495148682
   ],
   "n_crops": 1,
   "ref_yaw": 0.0,
   "ref_pitch": 0.0
  },
  {
   "idx": 32,
   "image": "data/8kpano/scenes/scene_023hf_pano/panoramas/pano_0032.jpg",
   "R_wp": [
    [
     -0.7718676509045062,
     -0.10791345731688069,
     -0.626558070107694
    ],
    [
     -0.10781023049168179,
     0.9934339346694293,
     -0.03828800920061448
    ],
    [
     0.6265758403325892,
     0.037996094235245303,
     -0.7784336921886003
    ]
   ],
   "T": [
    -163.8478176622356,
    -106.43043027410687,
    25.904220689639263
   ],
   "C": [
    -154.17407819073145,
    87.06595742759451,
    -86.57046356466371
   ],
   "n_crops": 1,
   "ref_yaw": 0.0,
   "ref_pitch": 0.0
  },
  {
   "idx": 33,
   "image": "data/8kpano/scenes/scene_023hf_pano/panoramas/pano_0033.jpg",
   "R_wp": [
    [
     -0.7190238622597628,
     -0.0868507313172905,
     -0.689537262206116
    ],
    [
     -0.0878195925966949,
     0.9955620784429343,
     -0.033821104691228496
    ],
    [
     0.689414537602163,
     0.03623670012620236,
     -0.7234600866024052
    ]
   ],
   "T": [
    -163.02986610432694,
    -103.34007118960332,
    40.495697952731014
   ],
   "C": [
    -154.21596981976845,
    87.25476249912717,
    -86.61322175000215
   ],
   "n_crops": 1,
   "ref_yaw": 0.0,
   "ref_pitch": 0.0
  },
  {
   "idx": 34,
   "image": "data/8kpano/scenes/scene_023hf_pano/panoramas/pano_0034.jpg",
   "R_wp": [
    [
     -0.8847474685344505,
     -0.09152924373831507,
     -0.45699487356268453
    ],
    [
     -0.10125706815171195,
     0.9948550846762892,
     -0.003219727170503253
    ],
    [
     0.4549383728277944,
     0.04342531559384535,
     -0.8894635005970589
    ]
   ],
   "T": [
    -168.06779984535177,
    -102.89692403337824,
    -10.697792140738473
   ],
   "C": [
    -154.24976515542147,
    87.44896445541767,
    -86.65271860851747
   ],
   "n_crops": 1,
   "ref_yaw": 0.0,
   "ref_pitch": 0.0
  },
  {
   "idx": 35,
   "image": "data/8kpano/scenes/scene_023hf_pano/panoramas/pano_0035.jpg",
   "R_wp": [
    [
     -0.8724200782910815,
     -0.10321727811828495,
     -0.4777336082927766
    ],
    [
     -0.1065024890038984,
     0.994105363702437,
     -0.02029151778502502
    ],
    [
     0.4770119776594271,
     0.03317709082933763,
     -0.8782703762586691
    ]
   ],
   "T": [
    -166.96646016572683,
    -105.31214538071896,
    -5.428759641507652
   ],
   "C": [
    -154.29131448232184,
    87.63765548234913,
    -86.67035152278159
   ],
   "n_crops": 1,
   "ref_yaw": 0.0,
   "ref_pitch": 0.0
  },
  {
   "idx": 36,
   "image": "data/8kpano/scenes/scene_023hf_pano/panoramas/pano_0036.jpg",
   "R_wp": [
    [
     -0.8741202792099513,
     -0.12258439480473263,
     -0.46998596109274915
    ],
    [
     -0.119014821331309,
     0.9921865697315819,
     -0.03743371672374552
    ],
    [
     0.4709025480684872,
     0.023213724273250188,
     -0.8818797612078261
    ]
   ],
   "T": [
    -164.8798421903462,
    -108.74630170504662,
    -5.822400514035005
   ],
   "C": [
    -154.3254521214504,
    87.8200839894637,
    -86.69664652440575
   ],
   "n_crops": 1,
   "ref_yaw": 0.0,
   "ref_pitch": 0.0
  },
  {
   "idx": 37,
   "image": "data/8kpano/scenes/scene_023hf_pano/panoramas/pano_0037.jpg",
   "R_wp": [
    [
     -0.821134794857023,
     -0.13104615942721207,
     -0.5554858709044659
    ],
    [
     -0.1194300192602087,
     0.9911883923276924,
     -0.05728910380125229
    ],
    [
     0.5580986643727263,
     0.019299611763509902,
     -0.8295501225430306
    ]
   ],
   "T": [
    -163.38905512446738,
    -110.51782966036302,
    12.536546862017083
   ],
   "C": [
    -154.36021484598376,
    87.89053125080653,
    -86.69208501172142
   ],
   "n_crops": 1,
   "ref_yaw": 0.0,
   "ref_pitch": 0.0
  },
  {
   "idx": 38,
   "image": "data/8kpano/scenes/scene_023hf_pano/panoramas/pano_0038.jpg",
   "R_wp": [
    [
     -0.8754405820332294,
     -0.10010129197181851,
     -0.47284618923588
    ],
    [
     -0.09715993893178654,
     0.994794784109571,
     -0.03071292521339037
    ],
    [
     0.47345932623203457,
     0.019054365745532358,
     -0.8806095602194784
    ]
   ],
   "T": [
    -167.3375224204825,
    -105.16314430220153,
    -4.900291408314293
   ],
   "C": [
    -154.39161403354115,
    87.95841718749251,
    -86.67002104088016
   ],
   "n_crops": 1,
   "ref_yaw": 0.0,
   "ref_pitch": 0.0
  },
  {
   "idx": 39,
   "image": "data/8kpano/scenes/scene_023hf_pano/panoramas/pano_0039.jpg",
   "R_wp": [
    [
     -0.3233162784230442,
     -0.059968902114649864,
     -0.9443888578789121
    ],
    [
     -0.06788927195369863,
     0.9968882644177509,
     -0.040060392156852864
    ],
    [
     0.9438525472022995,
     0.05116169509826323,
     -0.3263814487595811
    ]
   ],
   "T": [
    -126.51201767284586,
    -101.65476583703007,
    112.97084093021094
   ],
   "C": [
    -154.43247874464006,
    87.97187656225422,
    -86.67728293166967
   ],
   "n_crops": 1,
   "ref_yaw": 0.0,
   "ref_pitch": 0.0
  },
  {
   "idx": 40,
   "image": "data/8kpano/scenes/scene_023hf_pano/panoramas/pano_0040.jpg",
   "R_wp": [
    [
     -0.28682962136798035,
     0.01509077865283428,
     -0.9578627441891417
    ],
    [
     -0.044123557127860105,
     0.9986066678279635,
     0.028945373998546617
    ],
    [
     0.9569649314433032,
     0.05056670217823645,
     -0.2857641135946433
    ]
   ],
   "T": [
    -128.68627772274155,
    -92.14957428522455,
    118.59399853977422
   ],
   "C": [
    -154.46730100195302,
    87.96624804721762,
    -86.70657835713548
   ],
   "n_crops": 1,
   "ref_yaw": 0.0,
   "ref_pitch": 0.0
  },
  {
   "idx": 41,
   "image": "data/8kpano/scenes/scene_023hf_pano/panoramas/pano_0041.jpg",
   "R_wp": [
    [
     -0.23245585940506958,
     0.007165551836833022,
     -0.9725805510574047
    ],
    [
     -0.04675096659727566,
     0.9987346524811797,
     0.018532162731803394
    ],
    [
     0.9714826918429744,
     0.04977699067010096,
     -0.23182672548556144
    ]
   ],
   "T": [
    -120.87415567623614,
    -93.44548249706824,
    125.5671708551993
   ],
   "C": [
    -154.45290551798402,
    87.9430156237469,
    -86.71828000015779
   ],
   "n_crops": 1,
   "ref_yaw": 0.0,
   "ref_pitch": 0.0
  },
  {
   "idx": 42,
   "image": "data/8kpano/scenes/scene_023hf_pano/panoramas/pano_0042.jpg",
   "R_wp": [
    [
     -0.2403863316534411,
     0.01744301626778037,
     -0.9705205576069394
    ],
    [
     -0.05150838831623915,
     0.9982006246045405,
     0.030698517426226084
    ],
    [
     0.969309701533656,
     0.05736945374140106,
     -0.239055324747532
    ]
   ],
   "T": [
    -122.82243252351202,
    -93.0195552384462,
    123.90781033251805
   ],
   "C": [
    -154.42116402240705,
    87.8860484349399,
    -86.72531142409656
   ],
   "n_crops": 1,
   "ref_yaw": 0.0,
   "ref_pitch": 0.0
  },
  {
   "idx": 43,
   "image": "data/8kpano/scenes/scene_023hf_pano/panoramas/pano_0043.jpg",
   "R_wp": [
    [
     -0.729916723710794,
     -0.11423042869873602,
     -0.6739235754939904
    ],
    [
     -0.09772003346032425,
     0.9932484155757687,
     -0.06251703781160735
    ],
    [
     0.6765148716087577,
     0.020223602931421888,
     -0.73615123064263
    ]
   ],
   "T": [
    -161.1393086629316,
    -107.73830268826138,
    38.79645505441453
   ],
   "C": [
    -154.39284559393695,
    87.81928203098637,
    -86.7710004567942
   ],
   "n_crops": 1,
   "ref_yaw": 0.0,
   "ref_pitch": 0.0
  },
  {
   "idx": 44,
   "image": "data/8kpano/scenes/scene_023hf_pano/panoramas/pano_0044.jpg",
   "R_wp": [
    [
     -0.5338602172205995,
     -0.09023477367972244,
     -0.8407442857897662
    ],
    [
     -0.06317513607558183,
     0.9957671990296881,
     -0.06675767759891596
    ],
    [
     0.843209446490613,
     0.01747486639543609,
     -0.5373010872811035
    ]
   ],
   "T": [
    -147.36910683408442,
    -102.9262765304232,
    81.90716095008965
   ],
   "C": [
    -154.24177675995512,
    87.7614753902659,
    -86.76204702318137
   ],
   "n_crops": 1,
   "ref_yaw": 0.0,
   "ref_pitch": 0.0
  },
  {
   "idx": 45,
   "image": "data/8kpano/scenes/scene_023hf_pano/panoramas/pano_0045.jpg",
   "R_wp": [
    [
     -0.4550529991028046,
     -0.0027090287938245174,
     -0.8904602344689726
    ],
    [
     0.1062822835119478,
     0.9926816894409878,
     -0.05733358230628898
    ],
    [
     0.8840988882579984,
     -0.12072996567373119,
     -0.45143485816825346
    ]
   ],
   "T": [
    -144.7753816023138,
    -74.85788308855305,
    105.21550879833295
   ],
   "C": [
    -150.94531919696988,
    86.62051394049013,
    -85.71064255678733
   ],
   "n_crops": 1,
   "ref_yaw": 0.0,
   "ref_pitch": 0.0
  },
  {
   "idx": 46,
   "image": "data/8kpano/scenes/scene_023hf_pano/panoramas/pano_0046.jpg",
   "R_wp": [
    [
     -0.2593131565752853,
     -0.01388998324251183,
     -0.9656934064145231
    ],
    [
     0.12871788137362766,
     0.9904792990281762,
     -0.04881050308424865
    ],
    [
     0.9571773053314869,
     -0.13695921495896307,
     -0.25505642433818115
    ]
   ],
   "T": [
    -115.70120770243457,
    -69.35239416550966,
    127.16325895423444
   ],
   "C": [
    -142.79373768670206,
    84.50120304084989,
    -82.68321250569663
   ],
   "n_crops": 1,
   "ref_yaw": 0.0,
   "ref_pitch": 0.0
  },
  {
   "idx": 47,
   "image": "data/8kpano/scenes/scene_023hf_pano/panoramas/pano_0047.jpg",
   "R_wp": [
    [
     0.027232189738634976,
     0.053449989588246476,
     -0.9981991316641465
    ],
    [
     -0.0707295175083321,
     0.9961697493350898,
     0.051411728843743856
    ],
    [
     0.997123735147789,
     0.06920208900517745,
     0.030908375600183655
    ]
   ],
   "T": [
    -78.07402458615607,
    -88.66754196562864,
    133.03320576665894
   ],
   "C": [
    -136.79585284342497,
    83.29480310919304,
    -77.4867122137804
   ],
   "n_crops": 1,
   "ref_yaw": 0.0,
   "ref_pitch": 0.0
  },
  {
   "idx": 48,
   "image": "data/8kpano/scenes/scene_023hf_pano/panoramas/pano_0048.jpg",
   "R_wp": [
    [
     0.017037859334460875,
     0.003990351412977588,
     -0.9998468824999662
    ],
    [
     0.127518648062147,
     0.9918172219552556,
     0.006131282847949985
    ],
    [
     0.9916898233549146,
     -0.1276035866602511,
     0.016389598095693375
    ]
   ],
   "T": [
    -65.93485629055736,
    -65.00506914037936,
    144.62715272649822
   ],
   "C": [
    -134.01252819898127,
    83.19119375114498,
    -67.89657695165859
   ],
   "n_crops": 1,
   "ref_yaw": 0.0,
   "ref_pitch": 0.0
  },
  {
   "idx": 49,
   "image": "data/8kpano/scenes/scene_023hf_pano/panoramas/pano_0049.jpg",
   "R_wp": [
    [
     -0.08259844620504475,
     -0.045717548758677194,
     -0.9955337274146019
    ],
    [
     0.08253357525316272,
     0.9952018401401105,
     -0.05255003651443541
    ],
    [
     0.9931594563011737,
     -0.08650550917274513,
     -0.07842889290511028
    ]
   ],
   "T": [
    -60.50614565497425,
    -75.77846623455746,
    133.88249768549187
   ],
   "C": [
    -131.71011448098415,
    84.23025000704826,
    -53.717813810177105
   ],
   "n_crops": 1,
   "ref_yaw": 0.0,
   "ref_pitch": 0.0
  },
  {
   "idx": 50,
   "image": "data/8kpano/scenes/scene_023hf_pano/panoramas/pano_0050.jpg",
   "R_wp": [
    [
     -0.1031871577814669,
     0.0017551928133148589,
     -0.9946604092689983
    ],
    [
     0.02695287448099009,
     0.9996361724290922,
     -0.0010321475313480753
    ],
    [
     0.9942967127704865,
     -0.026915461532408518,
     -0.10319692294008985
    ]
   ],
   "T": [
    -50.55540433052979,
    -83.14150365025708,
    126.73031705394256
   ],
   "C": [
    -128.98330362641062,
    86.61099393495287,
    -37.29309469672079
   ],
   "n_crops": 1,
   "ref_yaw": 0.0,
   "ref_pitch": 0.0
  },
  {
   "idx": 51,
   "image": "data/8kpano/scenes/scene_023hf_pano/panoramas/pano_0051.jpg",
   "R_wp": [
    [
     -0.10998746786651913,
     0.016194654703738036,
     -0.9938010314300038
    ],
    [
     0.02698671814890189,
     0.9995472900534084,
     0.013301578494264218
    ],
    [
     0.9935665422888713,
     -0.025356421394077653,
     -0.11037471602782441
    ]
   ],
   "T": [
    -35.367468296853474,
    -85.88929120098247,
    124.88453112699628
   ],
   "C": [
    -125.653199966387,
    89.58979699822096,
    -20.22166866434415
   ],
   "n_crops": 1,
   "ref_yaw": 0.0,
   "ref_pitch": 0.0
  },
  {
   "idx": 52,
   "image": "data/8kpano/scenes/scene_023hf_pano/panoramas/pano_0052.jpg",
   "R_wp": [
    [
     -0.11418341278084088,
     0.04191864500069475,
     -0.9925749218306026
    ],
    [
     0.02546722663573877,
     0.9989045827436538,
     0.039256272635222696
    ],
    [
     0.9931332078896591,
     -0.02079571530466562,
     -0.11512588593258817
    ]
   ],
   "T": [
    -20.773148921215686,
    -89.35831104525006,
    122.87969362870943
   ],
   "C": [
    -122.13214499683146,
    92.68657978993535,
    -2.9643988539056227
   ],
   "n_crops": 1,
   "ref_yaw": 0.0,
   "ref_pitch": 0.0
  },
  {
   "idx": 53,
   "image": "data/8kpano/scenes/scene_023hf_pano/panoramas/pano_0053.jpg",
   "R_wp": [
    [
     -0.1096068028944247,
     0.0034809635786668893,
     -0.9939689289167079
    ],
    [
     0.03392738058961159,
     0.999424271610881,
     -0.0002411667215368461
    ],
    [
     0.9933958332938541,
     -0.03374919565891809,
     -0.10966179912251013
    ]
   ],
   "T": [
    0.942279253756183,
    -91.75093337099837,
    122.33944374200232
   ],
   "C": [
    -118.315344608425,
    95.82368753781728,
    14.330432533192461
   ],
   "n_crops": 1,
   "ref_yaw": 0.0,
   "ref_pitch": 0.0
  },
  {
   "idx": 54,
   "image": "data/8kpano/scenes/scene_023hf_pano/panoramas/pano_0054.jpg",
   "R_wp": [
    [
     -0.1613692537371385,
     -0.12039153020878557,
     -0.9795232735378503
    ],
    [
     -0.07291586703596195,
     0.9912729776099208,
     -0.1098233135302131
    ],
    [
     0.9841967487665834,
     0.05370068262460546,
     -0.16873943345566414
    ]
   ],
   "T": [
    21.442292299952264,
    -100.3240639043187,
    112.10644473543357
   ],
   "C": [
    -114.18988782169207,
    96.00981132462687,
    28.902081192401297
   ],
   "n_crops": 1,
   "ref_yaw": 0.0,
   "ref_pitch": 0.0
  },
  {
   "idx": 55,
   "image": "data/8kpano/scenes/scene_023hf_pano/panoramas/pano_0055.jpg",
   "R_wp": [
    [
     -0.7396281424182386,
     -0.139475404457364,
     -0.6584047558260809
    ],
    [
     -0.10973830232568063,
     0.990190867923036,
     -0.08648439214391139
    ],
    [
     0.664008822189603,
     0.008285929837936514,
     -0.7476788263827577
    ]
   ],
   "T": [
    -42.86403363335434,
    -98.52095727601362,
    101.16670084953913
   ],
   "C": [
    -109.69055004367176,
    90.73781358088335,
    38.897791458656954
   ],
   "n_crops": 1,
   "ref_yaw": 0.0,
   "ref_pitch": 0.0
  },
  {
   "idx": 56,
   "image": "data/8kpano/scenes/scene_023hf_pano/panoramas/pano_0056.jpg",
   "R_wp": [
    [
     -0.5258019454232712,
     -0.07578941655546917,
     -0.8472238656502099
    ],
    [
     -0.0226759643055261,
     0.996917592943547,
     -0.07510734666102029
    ],
    [
     0.8503047188108025,
     -0.020279970853670507,
     -0.5258998079009506
    ]
   ],
   "T": [
    -9.248584674701515,
    -81.41338898288461,
    115.55047038551994
   ],
   "C": [
    -104.96216114655319,
    82.80485511328081,
    46.81760488952948
   ],
   "n_crops": 1,
   "ref_yaw": 0.0,
   "ref_pitch": 0.0
  },
  {
   "idx": 57,
   "image": "data/8kpano/scenes/scene_023hf_pano/panoramas/pano_0057.jpg",
   "R_wp": [
    [
     -0.5315382227139998,
     -0.04254282401447834,
     -0.8459652628322961
    ],
    [
     -0.01796109431942095,
     0.999079434232921,
     -0.03895745350603779
    ],
    [
     0.8468438562597542,
     -0.005512913721378071,
     -0.5318130224970141
    ]
   ],
   "T": [
    -3.8370451613800753,
    -74.40563933022484,
    114.4410847478673
   ],
   "C": [
    -100.28967239389357,
    74.80480913513954,
    54.71659802435966
   ],
   "n_crops": 1,
   "ref_yaw": 0.0,
   "ref_pitch": 0.0
  },
  {
   "idx": 58,
   "image": "data/8kpano/scenes/scene_023hf_pano/panoramas/pano_0058.jpg",
   "R_wp": [
    [
     -0.5292829880763779,
     -0.0312850729653824,
     -0.847868364041549
    ],
    [
     -0.00728186124585252,
     0.9994506404220578,
     -0.032332520111100924
    ],
    [
     0.8484141046857585,
     -0.010938993074744456,
     -0.529220034957837
    ]
   ],
   "T": [
    3.786196743148174,
    -66.22194487517963,
    114.92224388086758
   ],
   "C": [
    -95.97990213901768,
    67.56115028681009,
    61.888227998145204
   ],
   "n_crops": 1,
   "ref_yaw": 0.0,
   "ref_pitch": 0.0
  },
  {
   "idx": 59,
   "image": "data/8kpano/scenes/scene_023hf_pano/panoramas/pano_0059.jpg",
   "R_wp": [
    [
     -0.7780692265665924,
     -0.07187432505182983,
     -0.6240531708664008
    ],
    [
     -0.09815368818303809,
     0.9951409802568767,
     0.00776420694270101
    ],
    [
     0.6204628370548327,
     0.06729421083366717,
     -0.7813433029226923
    ]
   ],
   "T": [
    -27.58731525444434,
    -73.33611656441572,
    105.01673851494967
   ],
   "C": [
    -93.82203487812404,
    63.92993671955089,
    65.40757055859264
   ],
   "n_crops": 1,
   "ref_yaw": 0.0,
   "ref_pitch": 0.0
  },
  {
   "idx": 60,
   "image": "data/8kpano/scenes/scene_023hf_pano/panoramas/pano_0060.jpg",
   "R_wp": [
    [
     -0.612118070709539,
     -0.11474143050368493,
     -0.7823975151013711
    ],
    [
     -0.09991062347283382,
     0.9927097523695996,
     -0.06741820872403254
    ],
    [
     0.7844293051818637,
     0.036901919682525916,
     -0.6191194662548118
    ]
   ],
   "T": [
    1.1846754513693578,
    -68.01145218550528,
    111.84623977024204
   ],
   "C": [
    -93.80537348961258,
    63.52422225654854,
    65.58786111944596
   ],
   "n_crops": 1,
   "ref_yaw": 0.0,
   "ref_pitch": 0.0
  },
  {
   "idx": 61,
   "image": "data/8kpano/scenes/scene_023hf_pano/panoramas/pano_0061.jpg",
   "R_wp": [
    [
     -0.5615507582091364,
     -0.08010275998125882,
     -0.8235558838343208
    ],
    [
     -0.01481641967898232,
     0.9961169589193613,
     -0.08678408760331341
    ],
    [
     0.8273096274446711,
     -0.03653152059014451,
     -0.5605570696554736
    ]
   ],
   "T": [
    6.216317603890493,
    -58.989766951038106,
    116.76979681356788
   ],
   "C": [
    -93.98801637880119,
    63.524429696223464,
    65.4562469617676
   ],
   "n_crops": 1,
   "ref_yaw": 0.0,
   "ref_pitch": 0.0
  },
  {
   "idx": 62,
   "image": "data/8kpano/scenes/scene_023hf_pano/panoramas/pano_0062.jpg",
   "R_wp": [
    [
     -0.4532650748786946,
     -0.05180820536145499,
     -0.8898689126789617
    ],
    [
     -0.009401052377194179,
     0.9985318329011548,
     -0.053346029817238357
    ],
    [
     0.8913261984870706,
     -0.015814187942659878,
     -0.45308665766087375
    ]
   ],
   "T": [
    18.845475088844545,
    -60.96410241575304,
    114.4491773916315
   ],
   "C": [
    -94.0426812471247,
    63.66086797106671,
    65.37320485738728
   ],
   "n_crops": 1,
   "ref_yaw": 0.0,
   "ref_pitch": 0.0
  },
  {
   "idx": 63,
   "image": "data/8kpano/scenes/scene_023hf_pano/panoramas/pano_0063.jpg",
   "R_wp": [
    [
     -0.2627357086572823,
     -0.12517501747521054,
     -0.9567137306406953
    ],
    [
     -0.018557350038120278,
     0.992021147004152,
     -0.12469831055843919
    ],
    [
     0.9646893656280858,
     -0.015008627407162037,
     -0.26296229567646123
    ]
   ],
   "T": [
    46.3277301044819,
    -56.42784527254454,
    108.13803796925374
   ],
   "C": [
    -93.19481752596036,
    63.3996937360799,
    65.72214524077808
   ],
   "n_crops": 1,
   "ref_yaw": 0.0,
   "ref_pitch": 0.0
  },
  {
   "idx": 64,
   "image": "data/8kpano/scenes/scene_023hf_pano/panoramas/pano_0064.jpg",
   "R_wp": [
    [
     0.037752176755632874,
     -0.05130892700350057,
     -0.9979690211424209
    ],
    [
     0.11696200205956592,
     0.9920434567029544,
     -0.04657971755036369
    ],
    [
     0.9924185927442261,
     -0.11496596897605404,
     0.04345299475257633
    ]
   ],
   "T": [
    74.31067236087003,
    -47.90452538935308,
    91.9707629044873
   ],
   "C": [
    -88.47587553582954,
    61.9096796974945,
    67.93196461651311
   ],
   "n_crops": 1,
   "ref_yaw": 0.0,
   "ref_pitch": 0.0
  },
  {
   "idx": 65,
   "image": "data/8kpano/scenes/scene_023hf_pano/panoramas/pano_0065.jpg",
   "R_wp": [
    [
     0.21756880472069687,
     -0.14026258323791074,
     -0.9659141902652825
    ],
    [
     0.09147695604728591,
     0.9881949396703544,
     -0.12289315571758831
    ],
    [
     0.9717488264591475,
     -0.061621172930516666,
     0.227831186017053
    ]
   ],
   "T": [
    95.1928693806966,
