{
 "scene_dir": "data/8kpano/scenes/scene_023hf_pano",
 "point_cloud": "/w/p3_pano/gps_init_023v2.ply",
 "cameras_extent": 316.81585864965865,
 "cameras": [
  {
   "idx": 1,
   "image": "data/8kpano/scenes/scene_023hf_pano/panoramas/pano_0001.jpg",
   "R_wp": [
    [
     -0.3760992854805903,
     -0.04792978546356075,
     -0.9253388909617958
    ],
    [
     -0.014093030223290948,
     0.9988416098443674,
     -0.0460089658940313
    ],
    [
     0.9264721873645827,
     -0.0042631102413346385,
     -0.37633909168588314
    ]
   ],
   "T": [
    0.10797312387749051,
    0.08707312381492101,
    -0.2482836165795252
   ],
   "C": [
    0.2718636042462137,
    -0.08285559093079087,
    0.010479044342340593
   ],
   "n_crops": 1,
   "ref_yaw": 0.0,
   "ref_pitch": 0.0
  },
  {
   "idx": 2,
   "image": "data/8kpano/scenes/scene_023hf_pano/panoramas/pano_0002.jpg",
   "R_wp": [
    [
     -0.6866802634234713,
     -0.037110707307775534,
     -0.726011715627088
    ],
    [
     -0.02423346192070139,
     0.9993096402063688,
     -0.02815994165398308
    ],
    [
     0.7265555416814388,
     -0.001743098888314331,
     -0.6871055278909174
    ]
   ],
   "T": [
    2.3961421939753436,
    0.20414763051790724,
    -2.2108599829662303
   ],
   "C": [
    3.25664332929529,
    -0.11893791115193045,
    0.22628197480976162
   ],
   "n_crops": 1,
   "ref_yaw": 0.0,
   "ref_pitch": 0.0
  },
  {
   "idx": 3,
   "image": "data/8kpano/scenes/scene_023hf_pano/panoramas/pano_0003.jpg",
   "R_wp": [
    [
     -0.544364776887049,
     -0.024525996602239586,
     -0.8384899911002992
    ],
    [
     -0.02724111299742544,
     0.9995621417865111,
     -0.01155190329877907
    ],
    [
     0.8384061733118228,
     0.016552951332913138,
     -0.5447945377431711
    ]
   ],
   "T": [
    0.16297425626535708,
    0.0905946822208401,
    -0.2715525861837507
   ],
   "C": [
    0.3188567092608153,
    -0.08206291179628836,
    -0.010241541969023226
   ],
   "n_crops": 1,
   "ref_yaw": 0.0,
   "ref_pitch": 0.0
  },
  {
   "idx": 4,
   "image": "data/8kpano/scenes/scene_023hf_pano/panoramas/pano_0004.jpg",
   "R_wp": [
    [
     -0.4253814686915977,
     0.053597427767570725,
     -0.9034256592716849
    ],
    [
     -0.006522413413429108,
     0.998037307526314,
     0.062281545492145145
    ],
    [
     0.9049906431654654,
     0.03238593093190123,
     -0.42419699110275483
    ]
   ],
   "T": [
    -1.0847966880394575,
    1.0407330004799231,
    3.5711289715356345
   ],
   "C": [
    -3.6865026222847406,
    -1.096202385744133,
    0.4700105417829373
   ],
   "n_crops": 1,
   "ref_yaw": 0.0,
   "ref_pitch": 0.0
  },
  {
   "idx": 5,
   "image": "data/8kpano/scenes/scene_023hf_pano/panoramas/pano_0005.jpg",
   "R_wp": [
    [
     -0.1287326904329381,
     0.039439496430015174,
     -0.9908947575475631
    ],
    [
     0.04315295800911326,
     0.9984851521198002,
     0.03413536599135313
    ],
    [
     0.9907399843697438,
     -0.038365702360920295,
     -0.13023961092306852
    ]
   ],
   "T": [
    -12.608713323251166,
    0.3015230622813554,
    6.27692051016841
   ],
   "C": [
    -7.854961329179545,
    0.4370334674261004,
    -11.686696846476142
   ],
   "n_crops": 1,
   "ref_yaw": 0.0,
   "ref_pitch": 0.0
  },
  {
   "idx": 6,
   "image": "data/8kpano/scenes/scene_023hf_pano/panoramas/pano_0006.jpg",
   "R_wp": [
    [
     -0.38734356870736847,
     0.1192100636100125,
     -0.9141957780011545
    ],
    [
     0.05116875306909342,
     0.9928563259982168,
     0.10778717286707647
    ],
    [
     0.9205143771231352,
     -0.005027589822137107,
     -0.3906763428340477
    ]
   ],
   "T": [
    -25.477008547882505,
    -2.805969662589729,
    4.313678911121453
   ],
   "C": [
    -13.695580898120706,
    5.844727947836723,
    -21.303273812334908
   ],
   "n_crops": 1,
   "ref_yaw": 0.0,
   "ref_pitch": 0.0
  },
  {
   "idx": 7,
   "image": "data/8kpano/scenes/scene_023hf_pano/panoramas/pano_0007.jpg",
   "R_wp": [
    [
     -0.01747006228933306,
     -0.0017166211763887688,
     -0.9998459131963002
    ],
    [
     0.008239342321045192,
     0.9999643247158082,
     -0.0018607884819618452
    ],
    [
     0.9998134376781116,
     -0.008270580837809237,
     -0.017455295210388633
    ]
   ],
   "T": [
    -18.756717264632485,
    -4.17370468881493,
    24.376238346397166
   ],
   "C": [
    -24.664983096050815,
    4.3429632624236065,
    -18.336099047178188
   ],
   "n_crops": 1,
   "ref_yaw": 0.0,
   "ref_pitch": 0.0
  },
  {
   "idx": 8,
   "image": "data/8kpano/scenes/scene_023hf_pano/panoramas/pano_0008.jpg",
   "R_wp": [
    [
     -0.06504285366999053,
     -0.08920804148486966,
     -0.9938869918259812
    ],
    [
     0.0471382642594262,
     0.9946094857263642,
     -0.09235775520088259
    ],
    [
     0.9967684842675717,
     -0.05285731962151883,
     -0.060487127005305064
    ]
   ],
   "T": [
    -22.75365248208448,
    -11.996262301931868,
    33.73715716530059
   ],
   "C": [
    -34.54261451748972,
    11.685043203616639,
    -21.681843365224648
   ],
   "n_crops": 1,
   "ref_yaw": 0.0,
   "ref_pitch": 0.0
  },
  {
   "idx": 9,
   "image": "data/8kpano/scenes/scene_023hf_pano/panoramas/pano_0009.jpg",
   "R_wp": [
    [
     -0.12784906446505276,
     0.011540418731064634,
     -0.9917264922603015
    ],
    [
     0.021705947900002576,
     0.9997253572648903,
     0.008835262721062461
    ],
    [
     0.9915560844153861,
     -0.020396783498863362,
     -0.12806444737602787
    ]
   ],
   "T": [
    -30.947155155991137,
    -15.774662298065618,
    41.31793837167867
   ],
   "C": [
    -44.583214024504336,
    16.970226074288522,
    -25.260381398261167
   ],
   "n_crops": 1,
   "ref_yaw": 0.0,
   "ref_pitch": 0.0
  },
  {
   "idx": 10,
   "image": "data/8kpano/scenes/scene_023hf_pano/panoramas/pano_0010.jpg",
   "R_wp": [
    [
     -0.11590719424868631,
     0.0702969378064725,
     -0.9907693287826537
    ],
    [
     0.0899962100117703,
     0.9941326974793936,
     0.06000718278558269
    ],
    [
     0.989174506598767,
     -0.08221022039489922,
     -0.12155358965373042
    ]
   ],
   "T": [
    -38.56391941360167,
    -18.89474088043773,
    52.13338526587767
   ],
   "C": [
    -54.33839627776717,
    25.780702256875504,
    -30.73712826307551
   ],
   "n_crops": 1,
   "ref_yaw": 0.0,
   "ref_pitch": 0.0
  },
  {
   "idx": 11,
   "image": "data/8kpano/scenes/scene_023hf_pano/panoramas/pano_0011.jpg",
   "R_wp": [
    [
     -0.09090919840458327,
     0.05703377580269189,
     -0.9942246557308484
    ],
    [
     0.07493348565271385,
     0.995920158583166,
     0.050279324335320806
    ],
    [
     0.9930359965144112,
     -0.0699298659041336,
     -0.09481204291259235
    ]
   ],
   "T": [
    -41.51686741041503,
    -21.871871379391056,
    63.982654622639394
   ],
   "C": [
    -65.67240876917478,
    28.62479977854112,
    -34.1110640974951
   ],
   "n_crops": 1,
   "ref_yaw": 0.0,
   "ref_pitch": 0.0
  },
  {
   "idx": 12,
   "image": "data/8kpano/scenes/scene_023hf_pano/panoramas/pano_0012.jpg",
   "R_wp": [
    [
     -0.09850095141046489,
     0.01907021953384153,
     -0.9949542146743053
    ],
    [
     0.059865359498897056,
     0.998119125317518,
     0.01320418143850021
    ],
    [
     0.9933346371204923,
     -0.05826266731213118,
     -0.09945732901287305
    ]
   ],
   "T": [
    -45.89637466476848,
    -29.186813160809027,
    79.52041126297041
   ],
   "C": [
    -81.763936373847,
    34.64024162947542,
    -37.37051572817529
   ],
   "n_crops": 1,
   "ref_yaw": 0.0,
   "ref_pitch": 0.0
  },
  {
   "idx": 13,
   "image": "data/8kpano/scenes/scene_023hf_pano/panoramas/pano_0013.jpg",
   "R_wp": [
    [
     -0.16033269722327917,
     0.13158554201914713,
     -0.9782528667643324
    ],
    [
     0.05324236855722887,
     0.9907844445157525,
     0.12454491035778331
    ],
    [
     0.9856260327281962,
     -0.03211587827133711,
     -0.16586106828106542
    ]
   ],
   "T": [
    -63.47192167025651,
    -34.499536282463794,
    82.6109044231525
   ],
   "C": [
    -89.76324536021264,
    45.18671285798853,
    -44.09291481999603
   ],
   "n_crops": 1,
   "ref_yaw": 0.0,
   "ref_pitch": 0.0
  },
  {
   "idx": 14,
   "image": "data/8kpano/scenes/scene_023hf_pano/panoramas/pano_0014.jpg",
   "R_wp": [
    [
     -0.1600382690193424,
     0.023448417151852627,
     -0.9868322675016078
    ],
    [
     0.04566745592464253,
     0.9988232593872356,
     0.01632727706723656
    ],
    [
     0.9860538706980784,
     -0.04245312992150474,
     -0.16092077504537594
    ]
   ],
   "T": [
    -65.05016612018615,
    -44.793273429185064,
    95.74921988557033
   ],
   "C": [
    -102.77881002973564,
    50.33074086783056,
    -48.05421207373672
   ],
   "n_crops": 1,
   "ref_yaw": 0.0,
   "ref_pitch": 0.0
  },
  {
   "idx": 15,
   "image": "data/8kpano/scenes/scene_023hf_pano/panoramas/pano_0015.jpg",
   "R_wp": [
    [
     -0.15834375213268148,
     0.05071818786610792,
     -0.9860805857434383
    ],
    [
     0.04871731526183149,
     0.997864849419959,
     0.043501327402300734
    ],
    [
     0.9861814637044355,
     -0.04115103536560176,
     -0.16047651832625184
    ]
   ],
   "T": [
    -72.61219566164861,
    -45.12503900883606,
    105.13152895690887
   ],
   "C": [
    -112.97808186827166,
    53.037720502705604,
    -52.767335600870396
   ],
   "n_crops": 1,
   "ref_yaw": 0.0,
   "ref_pitch": 0.0
  },
  {
   "idx": 16,
   "image": "data/8kpano/scenes/scene_023hf_pano/panoramas/pano_0016.jpg",
   "R_wp": [
    [
     -0.27304789299032456,
     0.09785081347291967,
     -0.9570110064342165
    ],
    [
     0.0932882055884066,
     0.9928181902313244,
     0.07489560630566394
    ],
    [
     0.9574665314420339,
     -0.0688277520226085,
     -0.2802152417693853
    ]
   ],
   "T": [
    -115.29259510825996,
    -77.11672802509817,
    83.19424944586392
   ],
   "C": [
    -103.94202844624112,
    93.57043774375339,
    -81.2482816549245
   ],
   "n_crops": 1,
   "ref_yaw": 0.0,
   "ref_pitch": 0.0
  },
  {
   "idx": 17,
   "image": "data/8kpano/scenes/scene_023hf_pano/panoramas/pano_0017.jpg",
   "R_wp": [
    [
     -0.24976107696414493,
     0.09210060291101581,
     -0.9639174670982662
    ],
    [
     0.06479886151543164,
     0.9948245609904344,
     0.07826365948825593
    ],
    [
     0.9661369012619346,
     -0.042913538581864016,
     -0.2544364679568724
    ]
   ],
   "T": [
    -108.99088914313539,
    -67.1704320561808,
    109.61737025562283
   ],
   "C": [
    -128.77450075017885,
    81.56499143142548,
    -71.91056146295368
   ],
   "n_crops": 1,
   "ref_yaw": 0.0,
   "ref_pitch": 0.0
  },
  {
   "idx": 18,
   "image": "data/8kpano/scenes/scene_023hf_pano/panoramas/pano_0018.jpg",
   "R_wp": [
    [
     -0.23542471918677116,
     0.03780061315002711,
     -0.9711572041854561
    ],
    [
     0.030051259419984534,
     0.9990486868863468,
     0.031601313864129066
    ],
    [
     0.971427878642106,
     -0.021744766638168177,
     -0.23633671259613684
    ]
   ],
   "T": [
    -96.17631624204586,
    -53.664943054262906,
    145.69416531147877
   ],
   "C": [
    -162.56095705728163,
    60.41750023989301,
    -57.27355960737018
   ],
   "n_crops": 1,
   "ref_yaw": 0.0,
   "ref_pitch": 0.0
  },
  {
   "idx": 19,
   "image": "data/8kpano/scenes/scene_023hf_pano/panoramas/pano_0019.jpg",
   "R_wp": [
    [
     -0.27017829204600274,
     0.049924001357420346,
     -0.9615150984750936
    ],
    [
     -0.05715928189446217,
     0.9960616531107813,
     0.06777905056525427
    ],
    [
     0.9611121198905015,
     0.07327194067773979,
     -0.2662606161431008
    ]
   ],
   "T": [
    -127.11639685725304,
    -86.86225769230802,
    115.68694758774846
   ],
   "C": [
    -150.49720270708093,
    84.3897159983486,
    -85.53401554123315
   ],
   "n_crops": 1,
   "ref_yaw": 0.0,
   "ref_pitch": 0.0
  },
  {
   "idx": 20,
   "image": "data/8kpano/scenes/scene_023hf_pano/panoramas/pano_0020.jpg",
   "R_wp": [
    [
     -0.9892249654834194,
     0.002402883126768231,
     -0.14638372114755874
    ],
    [
     -0.0026712532118706176,
     0.999402617425027,
     0.0344568235663625
    ],
    [
     0.1463790697832353,
     0.03447657808838432,
     -0.9886276010170415
    ]
   ],
   "T": [
    -163.8406810044779,
    -82.43607950044411,
    -66.45401984224678
   ],
   "C": [
    -152.56802204570954,
    85.07163083524361,
    -86.8414013285155
   ],
   "n_crops": 1,
   "ref_yaw": 0.0,
   "ref_pitch": 0.0
  },
  {
   "idx": 21,
   "image": "data/8kpano/scenes/scene_023hf_pano/panoramas/pano_0021.jpg",
   "R_wp": [
    [
     -0.8662581600998562,
     0.0687089517536116,
     -0.49484935082237974
    ],
    [
     0.04970258093758442,
     0.9974361658216833,
     0.05148542084010585
    ],
    [
     0.4971181484401407,
     0.020004376017756644,
     -0.867452230057417
    ]
   ],
   "T": [
    -181.01961912890275,
    -72.93590936048838,
    -0.9630791170822033
   ],
   "C": [
    -152.70585516284896,
    85.20584785722124,
    -86.65773015210617
   ],
   "n_crops": 1,
   "ref_yaw": 0.0,
   "ref_pitch": 0.0
  },
  {
   "idx": 22,
   "image": "data/8kpano/scenes/scene_023hf_pano/panoramas/pano_0022.jpg",
   "R_wp": [
    [
     -0.8235395716734718,
     0.022114973086011475,
     -0.5668275768285089
    ],
    [
     0.0013591352272520325,
     0.9993138267258959,
     0.03701389557828901
    ],
    [
     0.5672571961987863,
     0.029712012383065423,
     -0.8230045380681934
    ]
   ],
   "T": [
    -176.73431311359974,
    -81.89475354325278,
    12.825462504874475
   ],
   "C": [
    -152.71173037757927,
    85.36596382920067,
    -86.59122474423792
   ],
   "n_crops": 1,
   "ref_yaw": 0.0,
   "ref_pitch": 0.0
  },
  {
   "idx": 23,
   "image": "data/8kpano/scenes/scene_023hf_pano/panoramas/pano_0023.jpg",
   "R_wp": [
    [
     -0.8845834864502521,
     0.03818257663351507,
     -0.4648162500829137
    ],
    [
     0.006650769704570413,
     0.9975744371029959,
     0.0692893188087321
    ],
    [
     0.4663344537580865,
     0.058200801371348,
     -0.8826918170901324
    ]
   ],
   "T": [
    -178.62813755552506,
    -78.49097343021393,
    -10.144477023527882
   ],
   "C": [
    -152.75875615738144,
    85.71148788069033,
    -86.54512183356721
   ],
   "n_crops": 1,
   "ref_yaw": 0.0,
   "ref_pitch": 0.0
  },
  {
   "idx": 24,
   "image": "data/8kpano/scenes/scene_023hf_pano/panoramas/pano_0024.jpg",
   "R_wp": [
    [
     -0.8541955211364071,
     0.06056006876969853,
     -0.516413099893013
    ],
    [
     0.025487508464603847,
     0.996876862830837,
     0.07474561702745905
    ],
    [
     0.5193268706535109,
     0.05068528803467741,
     -0.8530712766199984
    ]
   ],
   "T": [
    -180.35380223096863,
    -75.24021861921823,
    1.1989230028677083
   ],
   "C": [
    -152.76235730791265,
    85.86670400408492,
    -86.49042274498609
   ],
   "n_crops": 1,
   "ref_yaw": 0.0,
   "ref_pitch": 0.0
  },
  {
   "idx": 25,
   "image": "data/8kpano/scenes/scene_023hf_pano/panoramas/pano_0025.jpg",
   "R_wp": [
    [
     -0.8738012545985804,
     0.034345927959060385,
     -0.48506878346743587
    ],
    [
     0.0006551152588810578,
     0.9975848583046882,
     0.06945517479074646
    ],
    [
     0.48628277605313636,
     0.060372242908861756,
     -0.87171340129667
    ]
   ],
   "T": [
    -178.3769481002284,
    -79.71236733990345,
    -6.248710415159506
   ],
   "C": [
    -152.77514000584358,
    86.02362114996747,
    -86.43573741675112
   ],
   "n_crops": 1,
   "ref_yaw": 0.0,
   "ref_pitch": 0.0
  },
  {
   "idx": 26,
   "image": "data/8kpano/scenes/scene_023hf_pano/panoramas/pano_0026.jpg",
   "R_wp": [
    [
     -0.740549074119466,
     0.057973315610189584,
     -0.6694969480871157
    ],
    [
     0.01575744145835282,
     0.9974959561210262,
     0.06894577986277996
    ],
    [
     0.671817513808242,
     0.040508174475797874,
     -0.7396082178702118
    ]
   ],
   "T": [
    -176.02591995348052,
    -77.53645616704269,
    35.272216925803335
   ],
   "C": [
    -152.8305489552353,
    86.11829457423875,
    -86.41538325402425
   ],
   "n_crops": 1,
   "ref_yaw": 0.0,
   "ref_pitch": 0.0
  },
  {
   "idx": 27,
   "image": "data/8kpano/scenes/scene_023hf_pano/panoramas/pano_0027.jpg",
   "R_wp": [
    [
     -0.8859773850037468,
     0.027002522376838582,
     -0.462941613000182
    ],
    [
     -0.0010884700523889864,
     0.9981794002338933,
     0.060305059337093375
    ],
    [
     0.46372717032201927,
     0.05393281685572932,
     -0.8843349833468872
    ]
   ],
   "T": [
    -177.2203968903184,
    -80.50024152356205,
    -10.631942733011398
   ],
   "C": [
    -152.17056518971393,
    85.71249115557589,
    -86.59032345095041
   ],
   "n_crops": 1,
   "ref_yaw": 0.0,
   "ref_pitch": 0.0
  },
  {
   "idx": 28,
   "image": "data/8kpano/scenes/scene_023hf_pano/panoramas/pano_0028.jpg",
   "R_wp": [
    [
     -0.8523870787819928,
     -0.04839281098022793,
     -0.5206672678121147
    ],
    [
     -0.06607804404477419,
     0.997694882467301,
     0.015447122507948115
    ],
    [
     0.5187195388846629,
     0.04757160228529884,
     -0.8536199286774485
    ]
   ],
   "T": [
    -171.0520523684422,
    -94.8432079278632,
    1.4312037747956068
   ],
   "C": [
    -152.81200627091798,
    86.27880889160141,
    -86.37444604425914
   ],
   "n_crops": 1,
   "ref_yaw": 0.0,
   "ref_pitch": 0.0
  },
  {
   "idx": 29,
   "image": "data/8kpano/scenes/scene_023hf_pano/panoramas/pano_0029.jpg",
   "R_wp": [
    [
     -0.5677665393204111,
     0.10118664757658921,
     -0.8169470112438965
    ],
    [
     0.007599829766994135,
     0.9930185748097909,
     0.11771300977481015
    ],
    [
     0.8231545416357955,
     0.060624849978725685,
     -0.5645717209969169
    ]
   ],
   "T": [
    -186.2041806503854,
    -101.08914204176081,
    71.60346708376267
   ],
   "C": [
    -163.89296211092162,
    114.8838231139022,
    -99.794149057336
   ],
   "n_crops": 1,
   "ref_yaw": 0.0,
   "ref_pitch": 0.0
  },
  {
   "idx": 30,
   "image": "data/8kpano/scenes/scene_023hf_pano/panoramas/pano_0030.jpg",
   "R_wp": [
    [
     -0.6738825540750262,
     0.11648411409966683,
     -0.7295983514754777
    ],
    [
     0.019556328906724988,
     0.9899598770677709,
     0.1399892560007959
    ],
    [
     0.7385796188042362,
     0.08006805204562051,
     -0.6693946920379702
    ]
   ],
   "T": [
    -184.99959029214898,
    -90.60400995564909,
    51.202469013014785
   ],
   "C": [
    -160.71321463541423,
    107.14416598772542,
    -88.01714717985996
   ],
   "n_crops": 1,
   "ref_yaw": 0.0,
   "ref_pitch": 0.0
  },
  {
   "idx": 31,
   "image": "data/8kpano/scenes/scene_023hf_pano/panoramas/pano_0031.jpg",
   "R_wp": [
    [
     -0.8953771197081193,
     -0.06265459809934007,
     -0.44087891176626026
    ],
    [
     -0.07520138238939023,
     0.9971074287002915,
     0.011023961058439027
    ],
    [
     0.4389129362298593,
     0.04302530613143257,
     -0.8974988899393583
    ]
   ],
   "T": [
    -169.47895907747358,
    -96.86131386693657,
    -14.180916889610318
   ],
   "C": [
    -152.8074990623144,
    86.5726378334993,
    -86.37926085996433
   ],
   "n_crops": 1,
   "ref_yaw": 0.0,
   "ref_pitch": 0.0
  },
  {
   "idx": 32,
   "image": "data/8kpano/scenes/scene_023hf_pano/panoramas/pano_0032.jpg",
   "R_wp": [
    [
     -0.7664788355254056,
     -0.11294309497367404,
     -0.632261063160926
    ],
    [
     -0.11958249246142293,
     0.9922990308402261,
     -0.032290259990624515
    ],
    [
     0.6310390021134435,
     0.05085755294266646,
     -0.7740822224546644
    ]
   ],
   "T": [
    -162.0126003324044,
    -106.93959254190077,
    25.164370770209082
   ],
   "C": [
    -152.84703168183944,
    86.53805121278735,
    -86.40807412562509
   ],
   "n_crops": 1,
   "ref_yaw": 0.0,
   "ref_pitch": 0.0
  },
  {
   "idx": 33,
   "image": "data/8kpano/scenes/scene_023hf_pano/panoramas/pano_0033.jpg",
   "R_wp": [
    [
     -0.718386157609395,
     -0.0908060834607261,
     -0.689692383430275
    ],
    [
     -0.09190914519041402,
     0.9951418907253939,
     -0.03528918182468185
    ],
    [
     0.6895462548557401,
     0.0380377776692036,
     -0.7232420686633293
    ]
   ],
   "T": [
    -161.57598136765364,
    -103.29835178966714,
    39.67655276224193
   ],
   "C": [
    -152.926829992033,
    86.61522716681581,
    -86.38728591584464
   ],
   "n_crops": 1,
   "ref_yaw": 0.0,
   "ref_pitch": 0.0
  },
  {
   "idx": 34,
   "image": "data/8kpano/scenes/scene_023hf_pano/panoramas/pano_0034.jpg",
   "R_wp": [
    [
     -0.8833725731704952,
     -0.09196603057701325,
     -0.45955973081857926
    ],
    [
     -0.09878017319194499,
     0.9950662528883177,
     -0.009253634257532218
    ],
    [
     0.4581433993350843,
     0.037220983097048195,
     -0.8880986567172492
    ]
   ],
   "T": [
    -167.66141348979693,
    -102.33038891695789,
    -11.236912542193954
   ],
   "C": [
    -153.06759048578888,
    86.82461090840961,
    -87.97684897887387
   ],
   "n_crops": 1,
   "ref_yaw": 0.0,
   "ref_pitch": 0.0
  },
  {
   "idx": 35,
   "image": "data/8kpano/scenes/scene_023hf_pano/panoramas/pano_0035.jpg",
   "R_wp": [
    [
     -0.8717542696084022,
     -0.1021889382503288,
     -0.4791679395773371
    ],
    [
     -0.10495101562987535,
     0.9942535362002668,
     -0.021099527755917457
    ],
    [
     0.47857055669752374,
     0.03189555850797443,
     -0.8774695981113454
    ]
   ],
   "T": [
    -165.785671931071,
    -104.60949243644923,
    -5.556784151642674
   ],
   "C": [
    -152.84392653664068,
    87.24413271732612,
    -86.52229887618444
   ],
   "n_crops": 1,
   "ref_yaw": 0.0,
   "ref_pitch": 0.0
  },
  {
   "idx": 36,
   "image": "data/8kpano/scenes/scene_023hf_pano/panoramas/pano_0036.jpg",
   "R_wp": [
    [
     -0.8736478839599218,
     -0.12196935991150604,
     -0.47102319485894645
    ],
    [
     -0.11774552788576963,
     0.9922949732878834,
     -0.03855744610967599
    ],
    [
     0.4720967755823513,
     0.021775243520491438,
     -0.8812777503456962
    ]
   ],
   "T": [
    -163.733229351307,
    -108.02857581970545,
    -5.90745876572769
   ],
   "C": [
    -152.97617880814727,
    87.35441193033097,
    -86.493566755419
   ],
   "n_crops": 1,
   "ref_yaw": 0.0,
   "ref_pitch": 0.0
  },
  {
   "idx": 37,
   "image": "data/8kpano/scenes/scene_023hf_pano/panoramas/pano_0037.jpg",
   "R_wp": [
    [
     -0.8205608322578787,
     -0.13058037309691614,
     -0.5564428872095741
    ],
    [
     -0.1181416579699383,
     0.991277668680209,
     -0.058404899007225876
    ],
    [
     0.5592159414898423,
     0.017814312723212045,
     -0.828830610586885
    ]
   ],
   "T": [
    -162.26494031970174,
    -109.79012453057167,
    12.325160299733696
   ],
   "C": [
    -153.01146793680618,
    87.42431798133624,
    -86.48798288277341
   ],
   "n_crops": 1,
   "ref_yaw": 0.0,
   "ref_pitch": 0.0
  },
  {
   "idx": 38,
   "image": "data/8kpano/scenes/scene_023hf_pano/panoramas/pano_0038.jpg",
   "R_wp": [
    [
     -0.874854412691017,
     -0.09936733554880701,
     -0.47408426384028557
    ],
    [
     -0.09584747594849437,
     0.9948925616339738,
     -0.03165520746563798
    ],
    [
     0.47480840130452356,
     0.017746082140028614,
     -0.879910256003032
    ]
   ],
   "T": [
    -166.16744664387647,
    -104.48469812933048,
    -5.0163281249163445
   ],
   "C": [
    -153.0051237955209,
    87.52845271643764,
    -86.49877497724104
   ],
   "n_crops": 1,
   "ref_yaw": 0.0,
   "ref_pitch": 0.0
  },
  {
   "idx": 39,
   "image": "data/8kpano/scenes/scene_023hf_pano/panoramas/pano_0039.jpg",
   "R_wp": [
    [
     -0.3221082546814121,
     -0.06058514557913032,
     -0.944762251786792
    ],
    [
     -0.06640191886991377,
     0.9969381942738498,
     -0.041291911658209966
    ],
    [
     0.9443712497934734,
     0.049433560797818854,
     -0.3251449917042556
    ]
   ],
   "T": [
    -125.71451119921825,
    -100.99293066718013,
    112.09106281294096
   ],
   "C": [
    -153.0553832584399,
    87.52621760289318,
    -86.49466816562739
   ],
   "n_crops": 1,
   "ref_yaw": 0.0,
   "ref_pitch": 0.0
  },
  {
   "idx": 40,
   "image": "data/8kpano/scenes/scene_023hf_pano/panoramas/pano_0040.jpg",
   "R_wp": [
    [
     -0.2821094356587132,
     0.016488656075943093,
     -0.9592405279871841
    ],
    [
     -0.04565439157331455,
     0.9984888190127328,
     0.030590110111420654
    ],
    [
     0.9582953317440258,
     0.05242330137799097,
     -0.2809303376822086
    ]
   ],
   "T": [
    -127.71205543479415,
    -91.59456431789489,
    117.96871797104768
   ],
   "C": [
    -153.25934171436305,
    87.37763885720533,
    -86.56369990196481
   ],
   "n_crops": 1,
   "ref_yaw": 0.0,
   "ref_pitch": 0.0
  },
  {
   "idx": 41,
   "image": "data/8kpano/scenes/scene_023hf_pano/panoramas/pano_0041.jpg",
   "R_wp": [
    [
     -0.23152646524494322,
     0.006336568254899726,
     -0.9728079686114485
    ],
    [
     -0.04723013420253702,
     0.9987263845606974,
     0.017746075778282452
    ],
    [
     0.9716814345835738,
     0.050054537107731084,
     -0.23093231259513783
    ]
   ],
   "T": [
    -120.13563018058645,
    -92.82031024866806,
    124.73345702648722
   ],
   "C": [
    -153.39967797951638,
    87.2198650356313,
    -86.41671640528305
   ],
   "n_crops": 1,
   "ref_yaw": 0.0,
   "ref_pitch": 0.0
  },
  {
   "idx": 42,
   "image": "data/8kpano/scenes/scene_023hf_pano/panoramas/pano_0042.jpg",
   "R_wp": [
    [
     -0.23908402631898049,
     0.016797032738972224,
     -0.9708535873396512
    ],
    [
     -0.05032765594707623,
     0.9982920832840214,
     0.029665527120235013
    ],
    [
     0.9696937430993233,
     0.055953338985395715,
     -0.2378303354292884
    ]
   ],
   "T": [
    -122.06479584756033,
    -92.40765914331138,
    122.96422247260703
   ],
   "C": [
    -153.07204089603886,
    87.41990210661811,
    -86.52110074159113
   ],
   "n_crops": 1,
   "ref_yaw": 0.0,
   "ref_pitch": 0.0
  },
  {
   "idx": 43,
   "image": "data/8kpano/scenes/scene_023hf_pano/panoramas/pano_0043.jpg",
   "R_wp": [
    [
     -0.7291697193810222,
     -0.11399262161804788,
     -0.6747719633731422
    ],
    [
     -0.09643123300565673,
     0.9933056888992925,
     -0.06359894418393167
    ],
    [
     0.6775046403079534,
     0.018694668142193428,
     -0.7352808794904458
    ]
   ],
   "T": [
    -160.04985107187565,
    -107.03137894186665,
    38.40668250548592
   ],
   "C": [
    -153.045378451015,
    87.3523752965482,
    -86.56453564965763
   ],
   "n_crops": 1,
   "ref_yaw": 0.0,
   "ref_pitch": 0.0
  },
  {
   "idx": 44,
   "image": "data/8kpano/scenes/scene_023hf_pano/panoramas/pano_0044.jpg",
   "R_wp": [
    [
     -0.5470233427132802,
     -0.08075168101694322,
     -0.8332134351651601
    ],
    [
     -0.05410702037633696,
     0.9966658627779147,
     -0.0610703554857018
    ],
    [
     0.8353669211028069,
     0.011675786315842387,
     -0.5495687246751977
    ]
   ],
   "T": [
    -152.6248565109611,
    -102.52971376861339,
    83.63882826546353
   ],
   "C": [
    -158.9060469545859,
    88.88660281880286,
    -87.46532286960543
   ],
   "n_crops": 1,
   "ref_yaw": 0.0,
   "ref_pitch": 0.0
  },
  {
   "idx": 45,
   "image": "data/8kpano/scenes/scene_023hf_pano/panoramas/pano_0045.jpg",
   "R_wp": [
    [
     -0.4518891438643191,
     0.003669269800722491,
     -0.8920665547573804
    ],
    [
     0.10704794034808816,
     0.9929886652644734,
     -0.050142288774167806
    ],
    [
     0.88562799194967,
     -0.11815264328574851,
     -0.44911358558808473
    ]
   ],
   "T": [
    -143.77576428151534,
    -73.4902647468492,
    104.23317600329236
   ],
   "C": [
    -149.41554391115858,
    85.8179772337182,
    -85.12998536517463
   ],
   "n_crops": 1,
   "ref_yaw": 0.0,
   "ref_pitch": 0.0
  },
  {
   "idx": 46,
   "image": "data/8kpano/scenes/scene_023hf_pano/panoramas/pano_0046.jpg",
   "R_wp": [
    [
     -0.2650104692863909,
     -0.002618258460617511,
     -0.9642419799465485
    ],
    [
     0.11439311853664529,
     0.9928489211148781,
     -0.0341355280094512
    ],
    [
     0.9574359851186227,
     -0.11934891940715826,
     -0.2628158477646959
    ]
   ],
   "T": [
    -119.44241112705944,
    -70.1725427895594,
    126.16925308080818
   ],
   "C": [
    -144.42521653524068,
    84.41616631461443,
    -84.40748458436184
   ],
   "n_crops": 1,
   "ref_yaw": 0.0,
   "ref_pitch": 0.0
  },
  {
   "idx": 47,
   "image": "data/8kpano/scenes/scene_023hf_pano/panoramas/pano_0047.jpg",
   "R_wp": [
    [
     0.02244553642642372,
     0.017752093861443125,
     -0.9995904466620639
    ],
    [
     -0.07048032617942994,
     0.9973827439982217,
     0.016130269564375337
    ],
    [
     0.9972606086255339,
     0.07008940817350942,
     0.023637964077220713
    ]
   ],
   "T": [
    -73.19297221625965,
    -91.75596248374812,
    134.41379890346238
   ],
   "C": [
    -138.869721542861,
    83.39415853752283,
    -74.8602159311363
   ],
   "n_crops": 1,
   "ref_yaw": 0.0,
   "ref_pitch": 0.0
  },
  {
   "idx": 48,
   "image": "data/8kpano/scenes/scene_023hf_pano/panoramas/pano_0048.jpg",
   "R_wp": [
    [
     -0.012630973118828133,
     0.012833995496460677,
     -0.9998378603942082
    ],
    [
     0.1484305242264646,
     0.9888636661691028,
     0.010818003903598118
    ],
    [
     0.9888421704174676,
     -0.14826981584327317,
     -0.014395267065027742
    ]
   ],
   "T": [
    -67.96017641747501,
    -61.82553308872809,
    147.24626009263622
   ],
   "C": [
    -137.2849182903968,
    83.84139977860528,
    -65.16067928460525
   ],
   "n_crops": 1,
   "ref_yaw": 0.0,
   "ref_pitch": 0.0
  },
  {
   "idx": 49,
   "image": "data/8kpano/scenes/scene_023hf_pano/panoramas/pano_0049.jpg",
   "R_wp": [
    [
     -0.08870919953126165,
     -0.07924502805807193,
     -0.9929002484875296
    ],
    [
     0.08444061883551959,
     0.9926434231543709,
     -0.08676875220404785
    ],
    [
     0.9924718937124601,
     -0.09153829797657544,
     -0.08136510427913403
    ]
   ],
   "T": [
    -55.98385305534849,
    -77.45982901214101,
    137.12646550065975
   ],
   "C": [
    -134.51968978807324,
    85.00587108086783,
    -51.150165154377
   ],
   "n_crops": 1,
   "ref_yaw": 0.0,
   "ref_pitch": 0.0
  },
  {
   "idx": 50,
   "image": "data/8kpano/scenes/scene_023hf_pano/panoramas/pano_0050.jpg",
   "R_wp": [
    [
     -0.1048414585441166,
     -0.02344210361265824,
     -0.9942126212981585
    ],
    [
     0.030785018109128766,
     0.9991665334518633,
     -0.026805243699833333
    ],
    [
     0.9940123496367448,
     -0.033417154397108954,
     -0.10403241111133076
    ]
   ],
   "T": [
    -50.2369423632963,
    -84.90107347090155,
    132.22875745714472
   ],
   "C": [
    -134.0902511154023,
    88.0713604618824,
    -38.46591966126021
   ],
   "n_crops": 1,
   "ref_yaw": 0.0,
   "ref_pitch": 0.0
  },
  {
   "idx": 51,
   "image": "data/8kpano/scenes/scene_023hf_pano/panoramas/pano_0051.jpg",
   "R_wp": [
    [
     -0.11226844894537541,
     -0.014211147919893554,
     -0.9935762872805479
    ],
    [
     0.024921339645485527,
     0.9995429408499583,
     -0.017112458248052853
    ],
    [
     0.9933653518226175,
     -0.026682441264170177,
     -0.11186297477946008
    ]
   ],
   "T": [
    -31.04708337061951,
    -87.50320574446448,
    127.60904634135288
   ],
   "C": [
    -128.06731599849752,
    90.42691779313978,
    -18.070313248629
   ],
   "n_crops": 1,
   "ref_yaw": 0.0,
   "ref_pitch": 0.0
  },
  {
   "idx": 52,
   "image": "data/8kpano/scenes/scene_023hf_pano/panoramas/pano_0052.jpg",
   "R_wp": [
    [
     -0.1053046239951759,
     0.01436450471143261,
     -0.9943362596071962
    ],
    [
     0.01761077153493811,
     0.9997658013712122,
     0.01257788275197263
    ],
    [
     0.9942840624746924,
     -0.01618651948299509,
     -0.10553293180731696
    ]
   ],
   "T": [
    -26.495280244361293,
    -88.77553712926002,
    131.92244854109018
   ],
   "C": [
    -132.3950578885483,
    91.27070288165008,
    -11.30644679242629
   ],
   "n_crops": 1,
   "ref_yaw": 0.0,
   "ref_pitch": 0.0
  },
  {
   "idx": 53,
   "image": "data/8kpano/scenes/scene_023hf_pano/panoramas/pano_0053.jpg",
   "R_wp": [
    [
     -0.10931787294410769,
     -0.011388869127434406,
     -0.9939415960281438
    ],
    [
     0.020140189005139083,
     0.9997037081080759,
     -0.013669995676690812
    ],
    [
     0.9938027849839286,
     -0.021512546454607144,
     -0.10905610896793085
    ]
   ],
   "T": [
    -16.552660722055546,
    -86.48913819821787,
    141.6809339750828
   ],
   "C": [
    -140.8705008350584,
    89.32291375502702,
    -2.183512787577788
   ],
   "n_crops": 1,
   "ref_yaw": 0.0,
   "ref_pitch": 0.0
  },
  {
   "idx": 54,
   "image": "data/8kpano/scenes/scene_023hf_pano/panoramas/pano_0054.jpg",
   "R_wp": [
    [
     -0.1648843717868349,
     -0.12421186458885856,
     -0.9784602989574078
    ],
    [
     -0.07077134107401008,
     0.9909712924472913,
     -0.11387411834096217
    ],
    [
     0.9837705836337284,
     0.05047088507946366,
     -0.17218631924821656
    ]
   ],
   "T": [
    21.286845082374406,
    -99.28174585425043,
    111.60068272333132
   ],
   "C": [
    -113.30590299619763,
    95.39685349198702,
    28.738822310374275
   ],
   "n_crops": 1,
   "ref_yaw": 0.0,
   "ref_pitch": 0.0
  },
  {
   "idx": 55,
   "image": "data/8kpano/scenes/scene_023hf_pano/panoramas/pano_0055.jpg",
   "R_wp": [
    [
     -0.726877577543465,
     -0.13565614072618976,
     -0.6732357675791
    ],
    [
     -0.11127152531445261,
     0.9906075716783638,
     -0.07946877743926062
    ],
    [
     0.6776928765441901,
     0.017147898319382498,
     -0.7351450976946589
    ]
   ],
   "T": [
    -41.39516263759546,
    -98.87678699531692,
    99.94695524839602
   ],
   "C": [
    -108.82472605131326,
    90.61870562670919,
    37.74919270834248
   ],
   "n_crops": 1,
   "ref_yaw": 0.0,
   "ref_pitch": 0.0
  },
  {
   "idx": 56,
   "image": "data/8kpano/scenes/scene_023hf_pano/panoramas/pano_0056.jpg",
   "R_wp": [
    [
     -0.5375310202541558,
     -0.07665906558902429,
     -0.8397522193644643
    ],
    [
     -0.027511369439443024,
     0.9969232956216756,
     -0.07339664296399417
    ],
    [
     0.8427950681014289,
     -0.01635023883113757,
     -0.5379861920849571
    ]
   ],
   "T": [
    -6.282085282239256,
    -77.3450839428434,
    117.64924125542865
   ],
   "C": [
    -104.65888518571248,
    78.54913038957595,
    52.34140273552219
   ],
   "n_crops": 1,
   "ref_yaw": 0.0,
   "ref_pitch": 0.0
  },
  {
   "idx": 57,
   "image": "data/8kpano/scenes/scene_023hf_pano/panoramas/pano_0057.jpg",
   "R_wp": [
    [
     -0.529990596184325,
     -0.059760990691649904,
     -0.8458951424069865
    ],
    [
     -0.021591440055729626,
     0.9981413088098798,
     -0.05698892316599964
    ],
    [
     0.8477285990648795,
     -0.011939499103937249,
     -0.5302958331805406
    ]
   ],
   "T": [
    -4.317158576673697,
    -77.16540920561377,
    118.27280208812547
   ],
   "C": [
    -104.21740257675683,
    78.17610288037764,
    54.67013708061908
   ],
   "n_crops": 1,
   "ref_yaw": 0.0,
   "ref_pitch": 0.0
  },
  {
   "idx": 58,
   "image": "data/8kpano/scenes/scene_023hf_pano/panoramas/pano_0058.jpg",
   "R_wp": [
    [
     -0.531912557211835,
     -0.04139692529304727,
     -0.8457868088689066
    ],
    [
     -0.019628531720092563,
     0.9991387313278506,
     -0.03655839579476516
    ],
    [
     0.84657176436666,
     -0.0028443165884364623,
     -0.5322669984512145
    ]
   ],
   "T": [
    0.3900861092748351,
    -61.85857537642581,
    123.2684550003403
   ],
   "C": [
    -105.36229474940905,
    62.17206140026224,
    63.680209950385674
   ],
   "n_crops": 1,
   "ref_yaw": 0.0,
   "ref_pitch": 0.0
  },
  {
   "idx": 59,
   "image": "data/8kpano/scenes/scene_023hf_pano/panoramas/pano_0059.jpg",
   "R_wp": [
    [
     -0.7773324726462045,
     -0.07152763236328837,
     -0.6250104197357346
    ],
    [
     -0.09694636209995548,
     0.995267240117447,
     0.006672602534579955
    ],
    [
     0.621575120034032,
     0.06577931709513632,
     -0.7805878884515031
    ]
   ],
   "T": [
    -27.222387038070277,
    -72.82070452588657,
    104.27904764045023
   ],
   "C": [
    -93.03780937112307,
    63.66950418365698,
    64.87058967610913
   ],
   "n_crops": 1,
   "ref_yaw": 0.0,
   "ref_pitch": 0.0
  },
  {
   "idx": 60,
   "image": "data/8kpano/scenes/scene_023hf_pano/panoramas/pano_0060.jpg",
   "R_wp": [
    [
     -0.6112267089887279,
     -0.11478720007313739,
     -0.783087357143619
    ],
    [
     -0.09862800038742649,
     0.9927612449883728,
     -0.06853924415044269
    ],
    [
     0.7852862075437119,
     0.03534132352509991,
     -0.6181234205990805
    ]
   ],
   "T": [
    1.343805714846448,
    -67.52502871394155,
    111.02077935359455
   ],
   "C": [
    -93.02157539068537,
    63.266861988233636,
    65.04874672808276
   ],
   "n_crops": 1,
   "ref_yaw": 0.0,
   "ref_pitch": 0.0
  },
  {
   "idx": 61,
   "image": "data/8kpano/scenes/scene_023hf_pano/panoramas/pano_0061.jpg",
   "R_wp": [
    [
     -0.5605508782868828,
     -0.08013159742385903,
     -0.8242339716040002
    ],
    [
     -0.013434345584355877,
     0.9960563769258244,
     -0.08769955726296655
    ],
    [
     0.8280110091119101,
     -0.03808701983223213,
     -0.55941679248104
    ]
   ],
   "T": [
    6.33359792778889,
    -58.574538036821394,
    115.90583250558198
   ],
   "C": [
    -93.20791204019565,
    63.265571197765865,
    64.92307457196964
   ],
   "n_crops": 1,
   "ref_yaw": 0.0,
   "ref_pitch": 0.0
  },
  {
   "idx": 62,
   "image": "data/8kpano/scenes/scene_023hf_pano/panoramas/pano_0062.jpg",
   "R_wp": [
    [
     -0.4521971303668765,
     -0.0430076362175046,
     -0.8908805186527229
    ],
    [
     -0.006856188716832736,
     0.998974875697375,
     -0.044745842283877756
    ],
    [
     0.8918916682895075,
     -0.014125896516585214,
     -0.4520284405691325
    ]
   ],
   "T": [
    18.890869832761513,
    -62.150424116152564,
    116.97477622792151
   ],
   "C": [
    -96.21254622577536,
    64.55153744761863,
    66.92446052326474
   ],
   "n_crops": 1,
   "ref_yaw": 0.0,
   "ref_pitch": 0.0
  },
  {
   "idx": 63,
   "image": "data/8kpano/scenes/scene_023hf_pano/panoramas/pano_0063.jpg",
   "R_wp": [
    [
     -0.25695744871743476,
     -0.15133374753757403,
     -0.9545003752774855
    ],
    [
     -0.03416675007307785,
     0.9884685450649634,
     -0.14752141745048006
    ],
    [
     0.9658185661593333,
     -0.005294551292489865,
     -0.25916493780706634
    ]
   ],
   "T": [
    48.15673160534349,
    -56.072514907546186,
    106.58756335174051
   ],
   "C": [
    -92.48583231773091,
    63.2779892131007,
    65.31748073732368
   ],
   "n_crops": 1,
   "ref_yaw": 0.0,
   "ref_pitch": 0.0
  },
  {
   "idx": 64,
   "image": "data/8kpano/scenes/scene_023hf_pano/panoramas/pano_0064.jpg",
   "R_wp": [
    [
     0.009890449770604976,
     -0.061396619697357005,
     -0.9980644438577466
    ],
    [
     0.07368503958571897,
     0.9954444378520638,
     -0.06050525671906613
    ],
    [
     0.9972325174925784,
     -0.07294399385231894,
     0.014369405564832795
    ]
   ],
   "T": [
    73.14997775040216,
    -46.75469959277187,
    87.9181509238246
   ],
   "C": [
    -84.95320326940754,
    57.4459680783752,
    68.91615519284358
   ],
   "n_crops": 1,
   "ref_yaw": 0.0,
   "ref_pitch": 0.0
  },
  {
   "idx": 65,
   "image": "data/8kpano/scenes/scene_023hf_pano/panoramas/pano_0065.jpg",
   "R_wp": [
    [
     0.25088772727463654,
     -0.09538307554302584,
     -0.9633054641197257
    ],
    [
     0.07271923955601735,
     0.9941788315285346,
     -0.07950071156255387
    ],
    [
     0.9652809231002967,
