{
 "scene_dir": "data/8kpano/scenes/scene_025hf_pano",
 "point_cloud": "/w/p3_pano/gps_init_scene_025hf.ply",
 "cameras_extent": 588.3750541027249,
 "cameras": [
  {
   "idx": 1,
   "image": "data/8kpano/scenes/scene_025hf_pano/panoramas/pano_0001.jpg",
   "R_wp": [
    [
     -0.09534405769097852,
     0.15738364413543102,
     -0.9829241574107701
    ],
    [
     0.01669294732400508,
     0.9875364193481247,
     0.1565029263966742
    ],
    [
     0.9953044037743719,
     -0.0014862771399783926,
     -0.09678292621948302
    ]
   ],
   "T": [
    0.0,
    0.0,
    0.0
   ],
   "C": [
    0.0,
    0.0,
    0.0
   ],
   "n_crops": 1,
   "ref_yaw": 0.0,
   "ref_pitch": 0.0
  },
  {
   "idx": 2,
   "image": "data/8kpano/scenes/scene_025hf_pano/panoramas/pano_0002.jpg",
   "R_wp": [
    [
     -0.2896920961060807,
     0.16102959460649638,
     -0.9434765281206173
    ],
    [
     0.06822136629002855,
     0.9867121602928707,
     0.14746171676641448
    ],
    [
     0.954685463718385,
     -0.021646763985497038,
     -0.29682837292578573
    ]
   ],
   "T": [
    0.12027083419533004,
    -0.10364971493430016,
    0.059850278315334286
   ],
   "C": [
    -0.015225555480287313,
    0.0842008353122627,
    0.14652233471883763
   ],
   "n_crops": 1,
   "ref_yaw": 0.0,
   "ref_pitch": 0.0
  },
  {
   "idx": 3,
   "image": "data/8kpano/scenes/scene_025hf_pano/panoramas/pano_0003.jpg",
   "R_wp": [
    [
     -0.19485629216374972,
     0.09735513413133544,
     -0.9759882188133551
    ],
    [
     0.07607800842689964,
     0.9935641300056666,
     0.08391934341902164
    ],
    [
     0.9778768644558437,
     -0.05789902783599034,
     -0.20100880711465177
    ]
   ],
   "T": [
    0.2643586075592951,
    -0.03392773177209319,
    0.10890106094385026
   ],
   "C": [
    -0.052398735677448016,
    0.014277975162453979,
    0.2827481518476291
   ],
   "n_crops": 1,
   "ref_yaw": 0.0,
   "ref_pitch": 0.0
  },
  {
   "idx": 4,
   "image": "data/8kpano/scenes/scene_025hf_pano/panoramas/pano_0004.jpg",
   "R_wp": [
    [
     -0.14310958128273593,
     0.16096302397889153,
     -0.9765298524144828
    ],
    [
     0.015347372295109159,
     0.9869282438701006,
     0.16042786421041305
    ],
    [
     0.9895878464839368,
     0.007971597270942547,
     -0.14370924719110675
    ]
   ],
   "T": [
    0.320436667553084,
    -0.2069809756257565,
    0.09261097353592997
   ],
   "C": [
    -0.04261252245011121,
    0.15195865840188635,
    0.35943054081411313
   ],
   "n_crops": 1,
   "ref_yaw": 0.0,
   "ref_pitch": 0.0
  },
  {
   "idx": 5,
   "image": "data/8kpano/scenes/scene_025hf_pano/panoramas/pano_0005.jpg",
   "R_wp": [
    [
     0.3614779987480657,
     0.14759917662691888,
     -0.9206237773814824
    ],
    [
     -0.056707770721551476,
     0.989042901973799,
     0.13630248271780582
    ],
    [
     0.9306545466288153,
     0.0029361734113327966,
     0.36588726914831726
    ]
   ],
   "T": [
    -1.0874958274364297,
    -3.6603904263640628,
    -0.9317029146668738
   ],
   "C": [
    1.0526267879410207,
    3.7835322996883587,
    -0.16135597860622708
   ],
   "n_crops": 1,
   "ref_yaw": 0.0,
   "ref_pitch": 0.0
  },
  {
   "idx": 6,
   "image": "data/8kpano/scenes/scene_025hf_pano/panoramas/pano_0006.jpg",
   "R_wp": [
    [
     0.29605109515576933,
     0.13675111699007858,
     -0.9453321538269159
    ],
    [
     -0.05844682731677812,
     0.9904372470998022,
     0.12497210862415543
    ],
    [
     0.953382251478216,
     0.01825353552961268,
     0.30121270060705735
    ]
   ],
   "T": [
    -4.815737872703844,
    -13.21570622629723,
    -4.186858956404363
   ],
   "C": [
    4.6449653899979495,
    13.82431020519543,
    -1.6397420880918236
   ],
   "n_crops": 1,
   "ref_yaw": 0.0,
   "ref_pitch": 0.0
  },
  {
   "idx": 7,
   "image": "data/8kpano/scenes/scene_025hf_pano/panoramas/pano_0007.jpg",
   "R_wp": [
    [
     -0.2714294739533009,
     0.0004658409355579757,
     -0.9624582191771535
    ],
    [
     0.03547406114565334,
     0.9993252469405667,
     -0.009520599403914634
    ],
    [
     0.9618043624642533,
     -0.03672647300515146,
     -0.27126285135516276
    ]
   ],
   "T": [
    -0.4512300953006865,
    -21.35635676660347,
    -6.844891723102622
   ],
   "C": [
    7.218566278263076,
    21.090767969894888,
    -2.4943802774903108
   ],
   "n_crops": 1,
   "ref_yaw": 0.0,
   "ref_pitch": 0.0
  },
  {
   "idx": 8,
   "image": "data/8kpano/scenes/scene_025hf_pano/panoramas/pano_0008.jpg",
   "R_wp": [
    [
     -0.33535213434979927,
     0.019215731775449024,
     -0.9418968635893046
    ],
    [
     0.1947263777456789,
     0.9796155936830968,
     -0.049344973634207555
    ],
    [
     0.9217486554354617,
     -0.19996010668442726,
     -0.33225799002833817
    ]
   ],
   "T": [
    0.6506469495509821,
    -23.107098703665987,
    -3.0779644466325218
   ],
   "C": [
    7.554867064178543,
    22.00810145850308,
    -1.5500551356262198
   ],
   "n_crops": 1,
   "ref_yaw": 0.0,
   "ref_pitch": 0.0
  },
  {
   "idx": 9,
   "image": "data/8kpano/scenes/scene_025hf_pano/panoramas/pano_0009.jpg",
   "R_wp": [
    [
     -0.09588013132710513,
     0.0034849411152374967,
     -0.9953867869336627
    ],
    [
     0.1920979832365416,
     0.9812600635890407,
     -0.015068259411252567
    ],
    [
     0.9766807898454593,
     -0.19265654100147978,
     -0.09475279392289614
    ]
   ],
   "T": [
    8.658510616041138,
    -22.892790883769305,
    -4.557717516541376
   ],
   "C": [
    9.679273238339253,
    21.555532947096808,
    7.84175608144438
   ],
   "n_crops": 1,
   "ref_yaw": 0.0,
   "ref_pitch": 0.0
  },
  {
   "idx": 10,
   "image": "data/8kpano/scenes/scene_025hf_pano/panoramas/pano_0010.jpg",
   "R_wp": [
    [
     -0.06730000563987053,
     0.028340562717401388,
     -0.9973301969487014
    ],
    [
     0.1562131171314878,
     0.9875679451021921,
     0.01752186755736236
    ],
    [
     0.9854279127754287,
     -0.15461683708928575,
     -0.07089049591847878
    ]
   ],
   "T": [
    24.39962409787472,
    -23.09154009199132,
    -8.693409421920078
   ],
   "C": [
    13.816024598079323,
    20.76881825252643,
    24.12280870905275
   ],
   "n_crops": 1,
   "ref_yaw": 0.0,
   "ref_pitch": 0.0
  },
  {
   "idx": 11,
   "image": "data/8kpano/scenes/scene_025hf_pano/panoramas/pano_0011.jpg",
   "R_wp": [
    [
     -0.024148979841931165,
     0.041748788872525526,
     -0.998836255549563
    ],
    [
     0.16054546212452303,
     0.9863217356542053,
     0.03734418786503586
    ],
    [
     0.9867329838227853,
     -0.15945680419396702,
     -0.030521242314650893
    ]
   ],
   "T": [
    41.25714716470325,
    -26.066077806510563,
    -16.350136110670288
   ],
   "C": [
    21.3143271128264,
    21.37996272500929,
    41.683524429049115
   ],
   "n_crops": 1,
   "ref_yaw": 0.0,
   "ref_pitch": 0.0
  },
  {
   "idx": 12,
   "image": "data/8kpano/scenes/scene_025hf_pano/panoramas/pano_0012.jpg",
   "R_wp": [
    [
     -0.5064150338398944,
     0.05333889740613117,
     -0.8606385858909869
    ],
    [
     0.1908811007858165,
     0.9802578299435224,
     -0.051565416678346146
    ],
    [
     0.8408972701012496,
     -0.19039314288575274,
     -0.5065986895742545
    ]
   ],
   "T": [
    59.42543264179777,
    -26.70112233944143,
    7.437104736364597
   ],
   "C": [
    28.936831036349645,
    24.42027093124853,
    53.53459332925287
   ],
   "n_crops": 1,
   "ref_yaw": 0.0,
   "ref_pitch": 0.0
  },
  {
   "idx": 13,
   "image": "data/8kpano/scenes/scene_025hf_pano/panoramas/pano_0013.jpg",
   "R_wp": [
    [
     0.1042156347484449,
     -0.12767480097742406,
     -0.9863256291252674
    ],
    [
     -0.0341730643362727,
     0.9906805602899065,
     -0.13184926673116446
    ],
    [
     0.9939674557790349,
     0.047446524204117525,
     0.09888136423563498
    ]
   ],
   "T": [
    63.708120354886304,
    -17.85492432782389,
    -44.18815950618783
   ],
   "C": [
    36.67205280073492,
    27.919022603524102,
    64.85217870429115
   ],
   "n_crops": 1,
   "ref_yaw": 0.0,
   "ref_pitch": 0.0
  },
  {
   "idx": 14,
   "image": "data/8kpano/scenes/scene_025hf_pano/panoramas/pano_0014.jpg",
   "R_wp": [
    [
     -0.8021911852719781,
     0.15213928528128687,
     -0.5773585888735345
    ],
    [
     0.10576611734861902,
     0.9879073235688247,
     0.11336952174230797
    ],
    [
     0.5876247362840826,
     0.02987905475714787,
     -0.8085817283329387
    ]
   ],
   "T": [
    70.69754616994403,
    -42.180164656153494,
    31.576368781708595
   ],
   "C": [
    42.6191252245341,
    29.97074737585629,
    71.13185543157246
   ],
   "n_crops": 1,
   "ref_yaw": 0.0,
   "ref_pitch": 0.0
  },
  {
   "idx": 15,
   "image": "data/8kpano/scenes/scene_025hf_pano/panoramas/pano_0015.jpg",
   "R_wp": [
    [
     -0.3778643995258774,
     0.14643834444470796,
     -0.91420692780532
    ],
    [
     0.04139639748734622,
     0.9890974704977318,
     0.14132420928509826
    ],
    [
     0.9249350430414117,
     0.015556514110868447,
     -0.3798067416762117
    ]
   ],
   "T": [
    76.62757156996283,
    -41.24324804192404,
    -12.812777528966691
   ],
   "C": [
    42.51314014325772,
    29.771699748282654,
    71.01574692293303
   ],
   "n_crops": 1,
   "ref_yaw": 0.0,
   "ref_pitch": 0.0
  },
  {
   "idx": 16,
   "image": "data/8kpano/scenes/scene_025hf_pano/panoramas/pano_0016.jpg",
   "R_wp": [
    [
     -0.12222375329079559,
     0.07717381144999444,
     -0.989497628576134
    ],
    [
     0.17609914790965092,
     0.982840165669968,
     0.054902630641208545
    ],
    [
     0.9767550584650211,
     -0.16753928366837037,
     -0.13371665637041522
    ]
   ],
   "T": [
    72.85711281190336,
    -40.87862067848895,
    -29.928429657521068
   ],
   "C": [
    45.3363051109037,
    29.54030156692873,
    70.3343546202944
   ],
   "n_crops": 1,
   "ref_yaw": 0.0,
   "ref_pitch": 0.0
  },
  {
   "idx": 17,
   "image": "data/8kpano/scenes/scene_025hf_pano/panoramas/pano_0017.jpg",
   "R_wp": [
    [
     -0.017545742910137403,
     0.13120865582292768,
     -0.9911994933124576
    ],
    [
     0.06818964730182292,
     0.9892009265496575,
     0.12973703755732988
    ],
    [
     0.99751807948858,
     -0.06531321114781831,
     -0.02630333710722199
    ]
   ],
   "T": [
    63.68087899088478,
    -42.12205604308557,
    -56.61966855143856
   ],
   "C": [
    60.46875951098218,
    29.613681964760744,
    67.09595952750296
   ],
   "n_crops": 1,
   "ref_yaw": 0.0,
   "ref_pitch": 0.0
  },
  {
   "idx": 18,
   "image": "data/8kpano/scenes/scene_025hf_pano/panoramas/pano_0018.jpg",
   "R_wp": [
    [
     -0.0025454095645093726,
     0.143861780553544,
     -0.9895945174596076
    ],
    [
     0.09435655878318645,
     0.9852171244020648,
     0.142982717835134
    ],
    [
     0.9955352131917508,
     -0.09301078368065946,
     -0.016082083645026057
    ]
   ],
   "T": [
    57.91371331050575,
    -48.934430550750946,
    -76.36880574019123
   ],
   "C": [
    80.79253389632115,
    32.77634656549533,
    63.079701531880445
   ],
   "n_crops": 1,
   "ref_yaw": 0.0,
   "ref_pitch": 0.0
  },
  {
   "idx": 19,
   "image": "data/8kpano/scenes/scene_025hf_pano/panoramas/pano_0019.jpg",
   "R_wp": [
    [
     0.029208550095358818,
     0.14559364003074562,
     -0.9889132179235576
    ],
    [
     0.09894994539919386,
     0.9840547704557366,
     0.14780093723926155
    ],
    [
     0.9946636461170298,
     -0.10216995999757116,
     0.014336330327920812
    ]
   ],
   "T": [
    50.05220472354808,
    -54.751717853985745,
    -99.60797714130477
   ],
   "C": [
    103.03216088882498,
    36.414463427629684,
    59.01765491520502
   ],
   "n_crops": 1,
   "ref_yaw": 0.0,
   "ref_pitch": 0.0
  },
  {
   "idx": 20,
   "image": "data/8kpano/scenes/scene_025hf_pano/panoramas/pano_0020.jpg",
   "R_wp": [
    [
     0.05715545987369688,
     0.14065525894318812,
     -0.988407482538579
    ],
    [
     0.08580484361187962,
     0.9856705821885028,
     0.1452275188141666
    ],
    [
     0.9946711930177565,
     -0.09311069508817427,
     0.04426755291214954
    ]
   ],
   "T": [
    40.773441905342324,
    -58.20315351116138,
    -124.96600201362618
   ],
   "C": [
    126.96376997156307,
    39.99846586747337,
    54.285413746036404
   ],
   "n_crops": 1,
   "ref_yaw": 0.0,
   "ref_pitch": 0.0
  },
  {
   "idx": 21,
   "image": "data/8kpano/scenes/scene_025hf_pano/panoramas/pano_0021.jpg",
   "R_wp": [
    [
     0.04024783937968038,
     0.05588097339499832,
     -0.9976258959337893
    ],
    [
     -0.08260162421545234,
     0.9952034297640704,
     0.05241283299727329
    ],
    [
     0.9957695933810375,
     0.08029601607961825,
     0.044670646956418335
    ]
   ],
   "T": [
    40.90006625575355,
    -33.68747126371431,
    -155.21349213249525
   ],
   "C": [
    150.1280968086516,
    43.7033764874802,
    49.50210815751651
   ],
   "n_crops": 1,
   "ref_yaw": 0.0,
   "ref_pitch": 0.0
  },
  {
   "idx": 22,
   "image": "data/8kpano/scenes/scene_025hf_pano/panoramas/pano_0022.jpg",
   "R_wp": [
    [
     -0.8392540140894541,
     0.022096660302212027,
     -0.543290380402808
    ],
    [
     0.10421801158766225,
     0.9871859021080188,
     -0.12084122119496656
    ],
    [
     0.5336584168693049,
     -0.15803712311563223,
     -0.8308026009960985
    ]
   ],
   "T": [
    157.66391571392816,
    -55.215907279426915,
    -37.06392937153744
   ],
   "C": [
    157.85404407601646,
    45.16704248166778,
    48.192122153973244
   ],
   "n_crops": 1,
   "ref_yaw": 0.0,
   "ref_pitch": 0.0
  },
  {
   "idx": 23,
   "image": "data/8kpano/scenes/scene_025hf_pano/panoramas/pano_0023.jpg",
   "R_wp": [
    [
     -0.061965199306374896,
     0.07055096126960564,
     -0.9955816771811623
    ],
    [
     0.14054573096936934,
     0.9881760137371908,
     0.06127857195432031
    ],
    [
     0.9881331952632734,
     -0.13612761563477807,
     -0.07114816006323266
    ]
   ],
   "T": [
    53.2425456358651,
    -71.12573479438086,
    -153.80813258083276
   ],
   "C": [
    165.2785248438905,
    45.59089795472224,
    46.42262070306253
   ],
   "n_crops": 1,
   "ref_yaw": 0.0,
   "ref_pitch": 0.0
  },
  {
   "idx": 24,
   "image": "data/8kpano/scenes/scene_025hf_pano/panoramas/pano_0024.jpg",
   "R_wp": [
    [
     -0.07039007251653139,
     0.07709448163399917,
     -0.9945359111629418
    ],
    [
     0.11534198466556982,
     0.9909505488108575,
     0.06865301439025019
    ],
    [
     0.9908286755360511,
     -0.10987925515330649,
     -0.07864531150952195
    ]
   ],
   "T": [
    51.788311544476706,
    -70.09072942358078,
    -172.7379373637663
   ],
   "C": [
    182.88348853646755,
    46.483537861380064,
    42.732246571731004
   ],
   "n_crops": 1,
   "ref_yaw": 0.0,
   "ref_pitch": 0.0
  },
  {
   "idx": 25,
   "image": "data/8kpano/scenes/scene_025hf_pano/panoramas/pano_0025.jpg",
   "R_wp": [
    [
     0.015345017001941708,
     0.06355888712671665,
     -0.9978601095947386
    ],
    [
     0.10923253171944033,
     0.9918979672844338,
     0.06485889693149036
    ],
    [
     0.9938977736504753,
     -0.10999404694901278,
     0.00827799301804941
    ]
   ],
   "T": [
    32.259065395623175,
    -72.7460202688624,
    -197.63960485720477
   ],
   "C": [
    203.88477931225452,
    48.36709936077542,
    38.54432043099267
   ],
   "n_crops": 1,
   "ref_yaw": 0.0,
   "ref_pitch": 0.0
  },
  {
   "idx": 26,
   "image": "data/8kpano/scenes/scene_025hf_pano/panoramas/pano_0026.jpg",
   "R_wp": [
    [
     -0.5296130144066793,
     0.0171989258181222,
     -0.8480650045378443
    ],
    [
     -0.060222235035435376,
     0.9965090913102347,
     0.05781793271457335
    ],
    [
     0.8460988933797324,
     0.08169349966033326,
     -0.5267284259794984
    ]
   ],
   "T": [
    146.37286518585344,
    -38.90654190474041,
    -174.0426502189894
   ],
   "C": [
    222.4352291985817,
    50.47141985594749,
    34.70998919691439
   ],
   "n_crops": 1,
   "ref_yaw": 0.0,
   "ref_pitch": 0.0
  },
  {
   "idx": 27,
   "image": "data/8kpano/scenes/scene_025hf_pano/panoramas/pano_0027.jpg",
   "R_wp": [
    [
     -0.5376222009576568,
     0.11239844753244843,
     -0.8356607912483037
    ],
    [
     0.016862113304793418,
     0.9923104405958113,
     0.12261997642897884
    ],
    [
     0.843017222939331,
     0.051832214662721136,
     -0.5353833984639573
    ]
   ],
   "T": [
    144.05976610138944,
    -58.47020402060666,
    -175.01653511833135
   ],
   "C": [
    225.97761312994356,
    50.899994469510396,
    33.85376580709825
   ],
   "n_crops": 1,
   "ref_yaw": 0.0,
   "ref_pitch": 0.0
  },
  {
   "idx": 28,
   "image": "data/8kpano/scenes/scene_025hf_pano/panoramas/pano_0028.jpg",
   "R_wp": [
    [
     -0.6665009444705565,
     0.08172104432281359,
     -0.7410115801623115
    ],
    [
     0.009246998786347556,
     0.9948034936234529,
     0.10139281083004943
    ],
    [
     0.7454468351487596,
     0.060726270998321945,
     -0.6637931424603126
    ]
   ],
   "T": [
    171.55192142017248,
    -56.26666917308605,
    -149.0125443685959
   ],
   "C": [
    225.9407450708728,
    51.00385304537613,
    33.91349102250928
   ],
   "n_crops": 1,
   "ref_yaw": 0.0,
   "ref_pitch": 0.0
  },
  {
   "idx": 29,
   "image": "data/8kpano/scenes/scene_025hf_pano/panoramas/pano_0029.jpg",
   "R_wp": [
    [
     -0.1568354005680795,
     0.0353559957573032,
     -0.9869916973777744
    ],
    [
     -0.03710664963278015,
     0.9984424524268499,
     0.0416625220658491
    ],
    [
     0.9869274308082031,
     0.04315811344193405,
     -0.15527917942355662
    ]
   ],
   "T": [
    67.17669449029181,
    -44.025478602819604,
    -219.88702764712247
   ],
   "C": [
    225.91458504362095,
    51.071717183680796,
    33.99317497402079
   ],
   "n_crops": 1,
   "ref_yaw": 0.0,
   "ref_pitch": 0.0
  },
  {
   "idx": 30,
   "image": "data/8kpano/scenes/scene_025hf_pano/panoramas/pano_0030.jpg",
   "R_wp": [
    [
     0.002418742375483325,
     -0.05639342227974872,
     -0.9984056949000739
    ],
    [
     -0.037784965054172066,
     0.9976904869429924,
     -0.056444562885268196
    ],
    [
     0.9992829659816965,
     0.03786124914780187,
     0.00028233276825990556
    ]
   ],
   "T": [
    36.26052327422606,
    -40.59728769248115,
    -227.74874103072597
   ],
   "C": [
    225.96376547482592,
    51.17123455482692,
    33.97551771143735
   ],
   "n_crops": 1,
   "ref_yaw": 0.0,
   "ref_pitch": 0.0
  },
  {
   "idx": 31,
   "image": "data/8kpano/scenes/scene_025hf_pano/panoramas/pano_0031.jpg",
   "R_wp": [
    [
     -0.27811106409640235,
     -0.07670050010705909,
     -0.9574817331471629
    ],
    [
     -0.07337361261738543,
     0.995590754093852,
     -0.05844110996814588
    ],
    [
     0.9577424230964403,
     0.05400077449594674,
     -0.282512596807996
    ]
   ],
   "T": [
    99.32500416109039,
    -32.533688697841015,
    -209.6587554986885
   ],
   "C": [
    226.0353528417884,
    51.33025233321503,
    33.9693327906828
   ],
   "n_crops": 1,
   "ref_yaw": 0.0,
   "ref_pitch": 0.0
  },
  {
   "idx": 32,
   "image": "data/8kpano/scenes/scene_025hf_pano/panoramas/pano_0032.jpg",
   "R_wp": [
    [
     -0.3656177242023872,
     -0.011881237137797197,
     -0.930689269280109
    ],
    [
     0.15005747922180188,
     0.9860857346916386,
     -0.07153793935562618
    ],
    [
     0.9185893710895342,
     -0.16581242426828666,
     -0.3587475536914618
    ]
   ],
   "T": [
    114.4000214978656,
    -82.1711821290666,
    -185.31738956205965
   ],
   "C": [
    224.38766029348363,
    51.65911866185082,
    34.11035520767144
   ],
   "n_crops": 1,
   "ref_yaw": 0.0,
   "ref_pitch": 0.0
  },
  {
   "idx": 33,
   "image": "data/8kpano/scenes/scene_025hf_pano/panoramas/pano_0033.jpg",
   "R_wp": [
    [
     -0.010736562858680304,
     -0.05183482962269964,
     -0.9985979554635427
    ],
    [
     0.16832415125812086,
     0.9843110553292749,
     -0.05290299102888372
    ],
    [
     0.9856732249184895,
     -0.16865614959008957,
     -0.0018430638161867502
    ]
   ],
   "T": [
    40.688048691544935,
    -84.99450293277837,
    -198.87120165494957
   ],
   "C": [
    210.76549603878894,
    52.229235815078574,
    35.76800649316886
   ],
   "n_crops": 1,
   "ref_yaw": 0.0,
   "ref_pitch": 0.0
  },
  {
   "idx": 34,
   "image": "data/8kpano/scenes/scene_025hf_pano/panoramas/pano_0034.jpg",
   "R_wp": [
    [
     -0.0614322485553351,
     -0.11390215007075209,
     -0.9915908324741087
    ],
    [
     0.1144090204395786,
     0.9861154871093876,
     -0.12036121520270214
    ],
    [
     0.9915324779751248,
     -0.12084099590898396,
     -0.04754785829281285
    ]
   ],
   "T": [
    56.81409452312852,
    -69.3098285915027,
    -176.8222562167955
   ],
   "C": [
    186.7448970399718,
    53.45136536337408,
    39.58660050807581
   ],
   "n_crops": 1,
   "ref_yaw": 0.0,
   "ref_pitch": 0.0
  },
  {
   "idx": 35,
   "image": "data/8kpano/scenes/scene_025hf_pano/panoramas/pano_0035.jpg",
   "R_wp": [
    [
     -0.026166717664685167,
     -0.06460166059534607,
     -0.9975680068722038
    ],
    [
     0.155616294638221,
     0.9854811249358759,
     -0.06790081912753988
    ],
    [
     0.9874709472838822,
     -0.15701457844239902,
     -0.015733735310749824
    ]
   ],
   "T": [
    52.433397989562096,
    -77.67730000499648,
    -149.34034927564653
   ],
   "C": [
    160.92911969260038,
    56.4881855857316,
    44.681846501311576
   ],
   "n_crops": 1,
   "ref_yaw": 0.0,
   "ref_pitch": 0.0
  },
  {
   "idx": 36,
   "image": "data/8kpano/scenes/scene_025hf_pano/panoramas/pano_0036.jpg",
   "R_wp": [
    [
     -0.1153349870830848,
     0.08766608935794024,
     -0.989450603886435
    ],
    [
     -0.0559416306124996,
     0.9939437664168793,
     0.09458500497141621
    ],
    [
     0.991750157408084,
     0.0662604405185612,
     -0.1097323074728995
    ]
   ],
   "T": [
    57.746620883735524,
    -56.137631483960625,
    -135.24788579495765
   ],
   "C": [
    137.6518871560409,
    59.696812940355926,
    47.6061444696952
   ],
   "n_crops": 1,
   "ref_yaw": 0.0,
   "ref_pitch": 0.0
  },
  {
   "idx": 37,
   "image": "data/8kpano/scenes/scene_025hf_pano/panoramas/pano_0037.jpg",
   "R_wp": [
    [
     -0.42313920892282514,
     0.12587511308515845,
     -0.8972784772733405
    ],
    [
     0.0029259638275957044,
     0.9904875636376754,
     0.1375711634565217
    ],
    [
     0.9060599586163409,
     0.05558634890780339,
     -0.41948243015322423
    ]
   ],
   "T": [
    89.32473590886454,
    -66.86153843986092,
    -102.03880347558476
   ],
   "C": [
    130.4457065869989,
    60.653725608663066,
    46.54389740094832
   ],
   "n_crops": 1,
   "ref_yaw": 0.0,
   "ref_pitch": 0.0
  },
  {
   "idx": 38,
   "image": "data/8kpano/scenes/scene_025hf_pano/panoramas/pano_0038.jpg",
   "R_wp": [
    [
     -0.6094314287313936,
     -0.058519330740474204,
     -0.7906761799903296
    ],
    [
     -0.08748418334640098,
     0.9961460116957428,
     -0.006296113632880893
    ],
    [
     0.7879973675962538,
     0.0653346103711639,
     -0.6122022029926245
    ]
   ],
   "T": [
    119.66749550782144,
    -48.79547196480551,
    -78.41262150418156
   ],
   "C": [
    130.44924007581253,
    60.73333460921615,
    46.30663675358686
   ],
   "n_crops": 1,
   "ref_yaw": 0.0,
   "ref_pitch": 0.0
  },
  {
   "idx": 39,
   "image": "data/8kpano/scenes/scene_025hf_pano/panoramas/pano_0039.jpg",
   "R_wp": [
    [
     -0.7625743445382815,
     -0.06379438494818365,
     -0.643747346014796
    ],
    [
     -0.09129898047392866,
     0.9957784838377629,
     0.009471393254822831
    ],
    [
     0.6404255344819033,
     0.06599611787710884,
     -0.7651794869236365
    ]
   ],
   "T": [
    133.0674674348712,
    -48.96310669390444,
    -52.04784335488928
   ],
   "C": [
    130.3363229357117,
    60.68032099456142,
    46.29963576680842
   ],
   "n_crops": 1,
   "ref_yaw": 0.0,
   "ref_pitch": 0.0
  },
  {
   "idx": 40,
   "image": "data/8kpano/scenes/scene_025hf_pano/panoramas/pano_0040.jpg",
   "R_wp": [
    [
     -0.5679734557147059,
     -0.01934897385606837,
     -0.8228194035231623
    ],
    [
     -0.06374840965939867,
     0.9977545742364802,
     0.020541418063940074
    ],
    [
     0.8205743682746816,
     0.06412040861455304,
     -0.5679315797961145
    ]
   ],
   "T": [
    113.31129381398763,
    -53.29643428482138,
    -84.55385010852574
   ],
   "C": [
    130.3429663308565,
    60.790845778670985,
    46.30871385644601
   ],
   "n_crops": 1,
   "ref_yaw": 0.0,
   "ref_pitch": 0.0
  },
  {
   "idx": 41,
   "image": "data/8kpano/scenes/scene_025hf_pano/panoramas/pano_0041.jpg",
   "R_wp": [
    [
     -0.8419721232454,
     -0.06333338222534106,
     -0.5357908420022988
    ],
    [
     -0.08108140884385691,
     0.9966611991440001,
     0.009605168438871202
    ],
    [
     0.5333936152763062,
     0.05152996037978866,
     -0.8442961058572576
    ]
   ],
   "T": [
    138.39658608697326,
    -50.49698908052072,
    -33.54510824999697
   ],
   "C": [
    130.32444698484312,
    60.82209167453995,
    46.314651209524584
   ],
   "n_crops": 1,
   "ref_yaw": 0.0,
   "ref_pitch": 0.0
  },
  {
   "idx": 42,
   "image": "data/8kpano/scenes/scene_025hf_pano/panoramas/pano_0042.jpg",
   "R_wp": [
    [
     -0.30338990007384964,
     -0.02541469517454532,
     -0.9525275123598086
    ],
    [
     0.10533430607627592,
     0.9926230577084973,
     -0.06003456728304478
    ],
    [
     0.9470265320974959,
     -0.11854770590196172,
     -0.29847477100882946
    ]
   ],
   "T": [
    84.26754891516998,
    -69.20811729591892,
    -99.09562756595997
   ],
   "C": [
    126.70210077486884,
    59.091647764448794,
    46.53473462076446
   ],
   "n_crops": 1,
   "ref_yaw": 0.0,
   "ref_pitch": 0.0
  },
  {
   "idx": 43,
   "image": "data/8kpano/scenes/scene_025hf_pano/panoramas/pano_0043.jpg",
   "R_wp": [
    [
     -0.3638340858135704,
     -0.09878435910599284,
     -0.9262107796804258
    ],
    [
     0.09673700097066674,
     0.9849761575236237,
     -0.14305216444779384
    ],
    [
     0.9264268512102856,
     -0.14164610656850318,
     -0.34881179717804806
    ]
   ],
   "T": [
    89.59043871390055,
    -56.417657834826386,
    -77.35912345967247
   ],
   "C": [
    109.7212995469712,
    53.46256325539252,
    47.92518714467939
   ],
   "n_crops": 1,
   "ref_yaw": 0.0,
   "ref_pitch": 0.0
  },
  {
   "idx": 44,
   "image": "data/8kpano/scenes/scene_025hf_pano/panoramas/pano_0044.jpg",
   "R_wp": [
    [
     -0.31156346108450506,
     -0.0934520304410284,
     -0.9456188067733708
    ],
    [
     0.09416339483918372,
     0.987217477927629,
     -0.1285881267713755
    ],
    [
     0.9455482350411343,
     -0.12910603890082165,
     -0.29878113382530613
    ]
   ],
   "T": [
    79.05838097032606,
    -48.323549423447055,
    -61.90065378396793
   ],
   "C": [
    87.7120662005662,
    47.10227059596462,
    50.05050965718756
   ],
   "n_crops": 1,
   "ref_yaw": 0.0,
   "ref_pitch": 0.0
  },
  {
   "idx": 45,
   "image": "data/8kpano/scenes/scene_025hf_pano/panoramas/pano_0045.jpg",
   "R_wp": [
    [
     -0.434457389883338,
     -0.19129999254607744,
     -0.8801426527714865
    ],
    [
     -0.04671673536717413,
     0.9806552941778878,
     -0.19008614004580632
    ],
    [
     0.8994800292460035,
     -0.04146693686241155,
     -0.4349898506113198
    ]
   ],
   "T": [
    81.08070534315736,
    -27.18718310152759,
    -32.91627217810965
   ],
   "C": [
    63.56354463639064,
    40.807056389917705,
    51.876436077384255
   ],
   "n_crops": 1,
   "ref_yaw": 0.0,
   "ref_pitch": 0.0
  },
  {
   "idx": 46,
   "image": "data/8kpano/scenes/scene_025hf_pano/panoramas/pano_0046.jpg",
   "R_wp": [
    [
     -0.5041280029317522,
     -0.16772428703524883,
     -0.8471856468322403
    ],
    [
     -0.08399741017615027,
     0.9858318475335558,
     -0.1451895432607852
    ],
    [
     0.8595344040489262,
     -0.002032714218318213,
     -0.5110738462582135
    ]
   ],
   "T": [
    71.59301683803977,
    -19.982250820996445,
    -7.637541518235172
   ],
   "C": [
    40.97831698124155,
    31.691502011367504,
    53.848014688901976
   ],
   "n_crops": 1,
   "ref_yaw": 0.0,
   "ref_pitch": 0.0
  },
  {
   "idx": 47,
   "image": "data/8kpano/scenes/scene_025hf_pano/panoramas/pano_0047.jpg",
   "R_wp": [
    [
     -0.5460406377370116,
     -0.14320377042888,
     -0.8254285566145086
    ],
    [
     -0.044937354163434695,
     0.9888701993126338,
     -0.14183216529469594
    ],
    [
     0.8365526021360211,
     -0.04035355060393821,
     -0.5463985128210983
    ]
   ],
   "T": [
    59.5489174523382,
    -13.740271756224868,
    15.191309203890263
   ],
   "C": [
    19.190348159644806,
    22.727998039020047,
    55.50507324252816
   ],
   "n_crops": 1,
   "ref_yaw": 0.0,
   "ref_pitch": 0.0
  },
  {
   "idx": 48,
   "image": "data/8kpano/scenes/scene_025hf_pano/panoramas/pano_0048.jpg",
   "R_wp": [
    [
     -0.4954518259682979,
     -0.10898130618994305,
     -0.8617717580924859
    ],
    [
     -0.017269396756497492,
     0.9931380777066403,
     -0.11566558064016255
    ],
    [
     0.8684637333132261,
     -0.042424444725808516,
     -0.4939341154540359
    ]
   ],
   "T": [
    49.06557737608988,
    -7.3181602242585155,
    30.64192443589577
   ],
   "C": [
    -2.428150400767608,
    13.915140918402342,
    56.57196146771281
   ],
   "n_crops": 1,
   "ref_yaw": 0.0,
   "ref_pitch": 0.0
  },
  {
   "idx": 49,
   "image": "data/8kpano/scenes/scene_025hf_pano/panoramas/pano_0049.jpg",
   "R_wp": [
    [
     -0.44217133763393207,
     -0.14734158747544493,
     -0.8847457062768012
    ],
    [
     -0.03131199557396883,
     0.9883493937894646,
     -0.14894641563049899
    ],
    [
     0.8963838837842831,
     -0.038156682196090336,
     -0.44163333263646637
    ]
   ],
   "T": [
    40.887198365744595,
    2.462870550345268,
    47.410591077100804
   ],
   "C": [
    -24.34182517694321,
    5.399238955674275,
    57.47970627606091
   ],
   "n_crops": 1,
   "ref_yaw": 0.0,
   "ref_pitch": 0.0
  },
  {
   "idx": 50,
   "image": "data/8kpano/scenes/scene_025hf_pano/panoramas/pano_0050.jpg",
   "R_wp": [
    [
     -0.3891158473308188,
     -0.026051551874938888,
     -0.9208203809652168
    ],
    [
     -0.08427780625048666,
     0.9964146443480586,
     0.007423469696655982
    ],
    [
     0.9173255195020057,
     0.08049331135963461,
     -0.3899162962697719
    ]
   ],
   "T": [
    35.61605283750906,
    -2.0987977576926404,
    64.98267219555133
   ],
   "C": [
    -45.92837502274788,
    -2.211544196650849,
    58.14937056806804
   ],
   "n_crops": 1,
   "ref_yaw": 0.0,
   "ref_pitch": 0.0
  },
  {
   "idx": 51,
   "image": "data/8kpano/scenes/scene_025hf_pano/panoramas/pano_0051.jpg",
   "R_wp": [
    [
     -0.5664409229560893,
     -0.11886905949280036,
     -0.8154844127854017
    ],
    [
     -0.09414272310276084,
     0.9923982315289619,
     -0.079264732037556
    ],
    [
     0.8187074132359198,
     0.0318731352942533,
     -0.5733256271605726
    ]
   ],
   "T": [
    15.324153083881976,
    4.5993590199434555,
    78.90281947743804
   ],
   "C": [
    -55.485099632374784,
    -5.257708333256345,
    58.09818340094298
   ],
   "n_crops": 1,
   "ref_yaw": 0.0,
   "ref_pitch": 0.0
  },
  {
   "idx": 52,
   "image": "data/8kpano/scenes/scene_025hf_pano/panoramas/pano_0052.jpg",
   "R_wp": [
    [
     -0.015898555622798984,
     -0.04135895707014195,
     -0.9990178539942011
    ],
    [
     0.10553186781798014,
     0.9934940121841136,
     -0.042809725871121515
    ],
    [
     0.9942888216227499,
     -0.10610883292347766,
     -0.011430431823011268
    ]
   ],
   "T": [
    57.60149598756318,
    14.09764177211118,
    57.479096985926105
   ],
   "C": [
    -57.72279349020122,
    -5.5245449881115505,
    58.80544998739018
   ],
   "n_crops": 1,
   "ref_yaw": 0.0,
   "ref_pitch": 0.0
  },
  {
   "idx": 53,
   "image": "data/8kpano/scenes/scene_025hf_pano/panoramas/pano_0053.jpg",
   "R_wp": [
    [
     0.10460592829486969,
     -0.06285454525937469,
     -0.9925255190199428
    ],
    [
     -0.06356542733703764,
     0.9955376008934876,
     -0.06974468907879938
    ],
    [
     0.9924802447469819,
     0.07038601670414257,
     0.10014375886442303
    ]
   ],
   "T": [
    69.30672337303878,
    5.448261165438131,
    64.13363984319582
   ],
   "C": [
    -70.5549436543773,
    -5.581817713952457,
    62.746095104845644
   ],
   "n_crops": 1,
   "ref_yaw": 0.0,
   "ref_pitch": 0.0
  },
  {
   "idx": 54,
   "image": "data/8kpano/scenes/scene_025hf_pano/panoramas/pano_0054.jpg",
   "R_wp": [
    [
     -0.8616639521749959,
     -0.06806387560704659,
     -0.5028941661617435
    ],
    [
     -0.06701906777948018,
     0.9975475734025473,
     -0.02018126241489781
    ],
    [
     0.5030344700675451,
     0.01631403187559723,
     -0.8641123620732587
    ]
   ],
   "T": [
    -33.18982874641805,
    1.726583892612238,
    93.76723993893563
   ],
   "C": [
    -75.65091881910277,
    -5.511099688817235,
    64.3693045788608
   ],
   "n_crops": 1,
   "ref_yaw": 0.0,
   "ref_pitch": 0.0
  },
  {
   "idx": 55,
   "image": "data/8kpano/scenes/scene_025hf_pano/panoramas/pano_0055.jpg",
   "R_wp": [
    [
     -0.8172526531114211,
     -0.11644154143522861,
     -0.5643930088249957
    ],
    [
     -0.11363074343991054,
     0.992706654110597,
     -0.04026851164168683
    ],
    [
     0.5649656229609346,
     0.031222849209055666,
     -0.8245234857538213
    ]
   ],
   "T": [
    -26.17279429535964,
    -0.7000523493046465,
    95.88434279852827
   ],
   "C": [
    -75.64069050749076,
    -5.346436262746187,
    64.25896036556335
   ],
   "n_crops": 1,
   "ref_yaw": 0.0,
   "ref_pitch": 0.0
  },
  {
   "idx": 56,
   "image": "data/8kpano/scenes/scene_025hf_pano/panoramas/pano_0056.jpg",
   "R_wp": [
    [
     -0.810190412667212,
     -0.03371159980167678,
     -0.5851965680529446
    ],
    [
     -0.0240957247826448,
     0.9994163750245469,
     -0.0242137436178904
    ],
    [
     0.585671316754826,
     -0.005517007486444619,
     -0.8105298707383108
    ]
   ],
   "T": [
    -23.829750108821905,
    4.954586229547584,
    96.31375042232045
   ],
   "C": [
    -75.59545175966001,
    -5.223669926196044,
    64.24005277957845
   ],
   "n_crops": 1,
   "ref_yaw": 0.0,
   "ref_pitch": 0.0
  },
  {
   "idx": 57,
   "image": "data/8kpano/scenes/scene_025hf_pano/panoramas/pano_0057.jpg",
   "R_wp": [
    [
     -0.592681541447136,
     0.0763965433678402,
     -0.8018055615854089
    ],
    [
     0.04708983755282904,
     0.9970753418642306,
     0.06019393528899588
    ],
    [
     0.8040591630141996,
     -0.002081059291160651,
     -0.5945456513718118
    ]
   ],
   "T": [
    7.091532172726252,
    4.736156504955142,
    98.88426851016277
   ],
   "C": [
    -75.52880679464259,
    -5.058289385746077,
    64.19215386987575
   ],
   "n_crops": 1,
   "ref_yaw": 0.0,
   "ref_pitch": 0.0
  },
  {
   "idx": 58,
   "image": "data/8kpano/scenes/scene_025hf_pano/panoramas/pano_0058.jpg",
   "R_wp": [
    [
     -0.0553881309913111,
     -0.007650543659287886,
     -0.9984355883716323
    ],
    [
     0.1698014336574282,
     0.9853321759806277,
     -0.016969858725492955
    ],
    [
     0.9839205395117899,
     -0.17047572307809267,
     -0.053276634351562976
    ]
   ],
   "T": [
    62.65117437905469,
    19.13259878855733,
    76.54457181694491
   ],
   "C": [
    -75.0923876494502,
    -5.323658423404232,
    66.95587681610681
   ],
   "n_crops": 1,
   "ref_yaw": 0.0,
   "ref_pitch": 0.0
  },
  {
   "idx": 59,
   "image": "data/8kpano/scenes/scene_025hf_pano/panoramas/pano_0059.jpg",
   "R_wp": [
    [
     -0.06390046123521574,
     -0.004939165154649171,
     -0.997944054394585
    ],
    [
     0.1905129907466981,
     0.9815364803643253,
     -0.017056906834495025
    ],
    [
     0.979602741630849,
     -0.1912112506145682,
     -0.06177965868906688
    ]
   ],
   "T": [
    74.33108427700904,
    21.33384202334214,
    75.62375822399197
   ],
   "C": [
    -73.39582436722085,
    -6.112697324688269,
    79.21416293862065
   ],
   "n_crops": 1,
   "ref_yaw": 0.0,
   "ref_pitch": 0.0
  },
  {
   "idx": 60,
   "image": "data/8kpano/scenes/scene_025hf_pano/panoramas/pano_0060.jpg",
   "R_wp": [
    [
     0.03187553312289132,
     -0.001558195116853502,
     -0.9994906314799102
    ],
    [
     0.07634251938601021,
     0.997081262925249,
     0.0008802597269718645
    ],
    [
     0.9965720095015353,
     -0.0763316916579748,
     0.03190145336350355
    ]
   ],
   "T": [
    98.57046847669346,
    13.296682865201701,
    66.56633864651987
   ],
   "C": [
    -70.49523837239605,
    -8.023160084939018,
    96.38499230070119
   ],
   "n_crops": 1,
   "ref_yaw": 0.0,
   "ref_pitch": 0.0
  },
  {
   "idx": 61,
   "image": "data/8kpano/scenes/scene_025hf_pano/panoramas/pano_0061.jpg",
   "R_wp": [
    [
     -0.0025351772147958673,
     0.0005411536314336708,
     -0.999996640008974
    ],
    [
     0.11122168598871976,
     0.9937955881954299,
     0.00025583026693235764
    ],
    [
     0.9937923874946499,
     -0.11122066370978963,
     -0.002579635950625008
    ]
   ],
   "T": [
    114.73520624733236,
    18.45378635709893,
    65.83466051883758
   ],
   "C": [
    -67.18757160781435,
    -11.079206202686205,
    114.89992915805082
   ],
   "n_crops": 1,
   "ref_yaw": 0.0,
   "ref_pitch": 0.0
  },
  {
   "idx": 62,
   "image": "data/8kpano/scenes/scene_025hf_pano/panoramas/pano_0062.jpg",
   "R_wp": [
    [
     0.014052340814979782,
     -0.014745574923136754,
     -0.9997925283466597
    ],
    [
     0.09230569407746796,
     0.9956407224046242,
     -0.01338696121137932
    ],
    [
     0.9956315536173491,
     -0.092098425121086,
     0.01535218328835377
    ]
   ],
   "T": [
    134.94444850610859,
    20.881294267217292,
    60.095548602179626
   ],
   "C": [
    -63.656772162343685,
    -13.265728049999154,
    134.27339055771165
   ],
   "n_crops": 1,
   "ref_yaw": 0.0,
   "ref_pitch": 0.0
  },
  {
   "idx": 63,
   "image": "data/8kpano/scenes/scene_025hf_pano/panoramas/pano_0063.jpg",
   "R_wp": [
    [
     0.06260970101301262,
     -0.04539691553752361,
     -0.9970050879502775
    ],
    [
     -0.02952456720176432,
     0.9984435135797428,
     -0.04731648890277437
    ],
    [
     0.9976012857202068,
     0.032398614942877116,
     0.0611719255800687
    ]
   ],
   "T": [
    156.44113382958304,
    16.013795407630987,
    50.23863947213957
   ],
   "C": [
    -59.44006356677929,
    -10.514587548998115,
    153.6571286504673
   ],
   "n_crops": 1,
   "ref_yaw": 0.0,
   "ref_pitch": 0.0
  },
  {
   "idx": 64,
   "image": "data/8kpano/scenes/scene_025hf_pano/panoramas/pano_0064.jpg",
   "R_wp": [
    [
     0.09448665878219098,
     -0.015537017177973808,
     -0.995404878634513
    ],
    [
     0.11228131356867795,
     0.9936646148131841,
     -0.004851792602566281
    ],
    [
     0.9891739876965377,
     -0.11130693763363302,
     0.09563256610147257
    ]
   ],
   "T": [
    173.42491138004013,
    11.141361425329046,
    37.92417806727529
   ],
   "C": [
    -55.150917570597166,
    -4.155046659052789,
    169.05527197353317
   ],
   "n_crops": 1,
   "ref_yaw": 0.0,
   "ref_pitch": 0.0
  },
  {
   "idx": 65,
   "image": "data/8kpano/scenes/scene_025hf_pano/panoramas/pano_0065.jpg",
   "R_wp": [
    [
     0.05029970682840841,
     0.002725427132121979,
     -0.9987304498912226
    ],
    [
     0.09969569713676855,
     0.9949878986014193,
     0.007736252913742702
    ],
    [
     0.9937457962001098,
     -0.09995825970713575,
     0.049775886239533
    ]
   ],
   "T": [
    189.01997502046368,
    -0.5880980294151689,
    41.06243455688924
   ],
   "C": [
    -50.25464020786584,
    4.174519751670445,
